,id_s,id_d,distance
0,256243.0,256243.0,0.0
1,256243.0,257144.0,0.0
2,256243.0,162545.0,0.0
3,256243.0,254494.0,0.0
4,256243.0,228435.0,0.0
5,256243.0,172883.0,0.0
6,256243.0,226943.0,0.0
7,256243.0,162546.0,0.0
8,256243.0,258850.0,0.0
9,256243.0,258851.0,0.0
10,256243.0,178641.0,0.0
11,256243.0,178642.0,0.0
12,256243.0,162738.0,0.0
13,256243.0,172884.0,0.0
14,256243.0,162739.0,0.0
15,256243.0,178643.0,0.0
16,256243.0,225458.0,0.0
17,256243.0,225459.0,0.0
18,256243.0,225460.0,0.0
19,256243.0,258852.0,0.0
20,256243.0,163284.0,0.0
21,256243.0,257772.0,0.0
22,256243.0,167145.0,0.0
23,256243.0,163286.0,0.0
24,256243.0,178645.0,0.05329887134643828
25,256243.0,176858.0,0.059119389531576784
26,256243.0,172920.0,0.06656171133915148
27,256243.0,172885.0,0.07011001775543826
28,256243.0,162551.0,0.06475075422504635
29,256243.0,256210.0,0.06475075422504635
30,256243.0,255516.0,0.0
31,256243.0,162744.0,0.059608341487967446
32,256243.0,258861.0,0.059608341487967446
33,256243.0,264985.0,0.056815347368566096
34,256243.0,162745.0,0.0
35,256243.0,162746.0,0.0
36,256243.0,258862.0,0.0
37,256243.0,162552.0,0.0
38,256243.0,258863.0,0.08115187958894887
39,256243.0,163471.0,0.07946404463290531
40,256243.0,173214.0,0.08631633729074839
41,256243.0,255915.0,0.1569866243740156
42,256243.0,254310.0,0.16278626909923358
43,256243.0,178581.0,0.1921829331143079
44,256243.0,163472.0,0.1747714900426728
45,256243.0,254999.0,0.15326671556743196
46,256243.0,258864.0,0.15644396232836985
47,256243.0,257387.0,0.1797489720057969
48,256243.0,225465.0,0.17888747000813493
49,256243.0,228316.0,0.17888747000813493
50,256243.0,255517.0,0.1830281937088616
51,256243.0,176188.0,0.17412009336427142
52,256243.0,162747.0,0.18950229402719151
53,256243.0,162748.0,0.21657170310194893
54,256243.0,163473.0,0.21657170310194893
55,256243.0,162749.0,0.20875752824852384
56,256243.0,163290.0,0.18848179823443492
57,256243.0,163474.0,0.18878146997392378
58,256243.0,163475.0,0.1736221843641962
59,256243.0,163476.0,0.17643147866887585
60,256243.0,179506.0,0.1776349011535226
61,256243.0,179507.0,0.1776349011535226
62,256243.0,258865.0,0.1788612721349774
63,256243.0,162553.0,0.14603613926743272
64,256243.0,163477.0,0.1458174524210131
65,256243.0,167151.0,0.10947641931154596
66,256243.0,177013.0,0.0
67,256243.0,176189.0,0.0
68,256243.0,177014.0,0.0
69,256243.0,257771.0,0.0
70,256243.0,163291.0,0.0
71,257144.0,256243.0,0.0
72,257144.0,257144.0,0.0
73,257144.0,162545.0,0.0
74,257144.0,254494.0,0.0
75,257144.0,228435.0,0.0
76,257144.0,172883.0,0.0
77,257144.0,226943.0,0.0
78,257144.0,162546.0,0.0
79,257144.0,258850.0,0.0
80,257144.0,258851.0,0.0
81,257144.0,178641.0,0.0
82,257144.0,178642.0,0.0
83,257144.0,162738.0,0.0
84,257144.0,172884.0,0.0
85,257144.0,162739.0,0.0
86,257144.0,178643.0,0.0
87,257144.0,225458.0,0.0
88,257144.0,225459.0,0.0
89,257144.0,225460.0,0.0
90,257144.0,258852.0,0.0
91,257144.0,163284.0,0.0
92,257144.0,257772.0,0.0
93,257144.0,167145.0,0.0
94,257144.0,163286.0,0.0
95,257144.0,178645.0,0.0
96,257144.0,176858.0,0.07264352158941477
97,257144.0,172920.0,0.08013462924564671
98,257144.0,172885.0,0.08322065606917843
99,257144.0,162551.0,0.078346040231086
100,257144.0,256210.0,0.078346040231086
101,257144.0,255516.0,0.05787124054900882
102,257144.0,162744.0,0.07329477184422754
103,257144.0,258861.0,0.07329477184422754
104,257144.0,264985.0,0.07052293546408614
105,257144.0,162745.0,0.0
106,257144.0,162746.0,0.0
107,257144.0,258862.0,0.0
108,257144.0,162552.0,0.0
109,257144.0,258863.0,0.08112819957749669
110,257144.0,163471.0,0.07859980144258367
111,257144.0,173214.0,0.08555816283439514
112,257144.0,255915.0,0.151932474292164
113,257144.0,254310.0,0.15792449334822445
114,257144.0,178581.0,0.1938658931023661
115,257144.0,163472.0,0.17760483446296008
116,257144.0,254999.0,0.1551276048727127
117,257144.0,258864.0,0.1586301370611519
118,257144.0,257387.0,0.1814258014359643
119,257144.0,225465.0,0.17969764828509233
120,257144.0,228316.0,0.17969764828509233
121,257144.0,255517.0,0.18525329127265544
122,257144.0,176188.0,0.17494785310162733
123,257144.0,162747.0,0.19014243686665755
124,257144.0,162748.0,0.21087130693877043
125,257144.0,163473.0,0.21087130693877043
126,257144.0,162749.0,0.20293463029656078
127,257144.0,163290.0,0.18496560859356648
128,257144.0,163474.0,0.18402836021809432
129,257144.0,163475.0,0.16869399363606483
130,257144.0,163476.0,0.17179183341468285
131,257144.0,179506.0,0.17314197765750028
132,257144.0,179507.0,0.17314197765750028
133,257144.0,258865.0,0.174513494966784
134,257144.0,162553.0,0.13955770104811768
135,257144.0,163477.0,0.13932131327003594
136,257144.0,167151.0,0.10659402829582648
137,257144.0,177013.0,0.0
138,257144.0,176189.0,0.0
139,257144.0,177014.0,0.0
140,257144.0,257771.0,0.0
141,257144.0,163291.0,0.0
142,162545.0,256243.0,0.0
143,162545.0,257144.0,0.0
144,162545.0,162545.0,0.0
145,162545.0,254494.0,0.0
146,162545.0,228435.0,0.0
147,162545.0,172883.0,0.0
148,162545.0,226943.0,0.0
149,162545.0,162546.0,0.0
150,162545.0,258850.0,0.0
151,162545.0,258851.0,0.0
152,162545.0,178641.0,0.0
153,162545.0,178642.0,0.0
154,162545.0,162738.0,0.0
155,162545.0,172884.0,0.0
156,162545.0,162739.0,0.0
157,162545.0,178643.0,0.0
158,162545.0,225458.0,0.0
159,162545.0,225459.0,0.0
160,162545.0,225460.0,0.0
161,162545.0,258852.0,0.0
162,162545.0,163284.0,0.0
163,162545.0,257772.0,0.0
164,162545.0,167145.0,0.0
165,162545.0,163286.0,0.0
166,162545.0,178645.0,0.0
167,162545.0,176858.0,0.06877831257139508
168,162545.0,172920.0,0.07624622945560083
169,162545.0,172885.0,0.07953155537180692
170,162545.0,162551.0,0.0744457243616278
171,162545.0,256210.0,0.0744457243616278
172,162545.0,255516.0,0.05387710125880013
173,162545.0,162744.0,0.06933846577019497
174,162545.0,258861.0,0.06933846577019497
175,162545.0,264985.0,0.0665491598958674
176,162545.0,162745.0,0.0
177,162545.0,162746.0,0.0
178,162545.0,258862.0,0.0
179,162545.0,162552.0,0.0
180,162545.0,258863.0,0.08032574403922668
181,162545.0,163471.0,0.07803690127435813
182,162545.0,173214.0,0.08498396084998504
183,162545.0,255915.0,0.15276734095201602
184,162545.0,254310.0,0.15870312474704323
185,162545.0,178581.0,0.19271103164227812
186,162545.0,163472.0,0.17611629533992132
187,162545.0,254999.0,0.15389761298039956
188,162545.0,258864.0,0.15731082800552504
189,162545.0,257387.0,0.18026593280875117
190,162545.0,225465.0,0.17878512646254158
191,162545.0,228316.0,0.17878512646254158
192,162545.0,255517.0,0.18394007980167432
193,162545.0,176188.0,0.174027334657703
194,162545.0,162747.0,0.18928494666319137
195,162545.0,162748.0,0.21194110185958057
196,162545.0,163473.0,0.21194110185958057
197,162545.0,162749.0,0.20404021342466724
198,162545.0,163290.0,0.18534324037970598
199,162545.0,163474.0,0.18478850144410244
200,162545.0,163475.0,0.16950043379853616
201,162545.0,163476.0,0.17250977447245772
202,162545.0,179506.0,0.1738149384456087
203,162545.0,179507.0,0.1738149384456087
204,162545.0,258865.0,0.1751420808078551
205,162545.0,162553.0,0.1408379531978261
206,162545.0,163477.0,0.14060711060665268
207,162545.0,167151.0,0.10670368259852972
208,162545.0,177013.0,0.0
209,162545.0,176189.0,0.0
210,162545.0,177014.0,0.0
211,162545.0,257771.0,0.0
212,162545.0,163291.0,0.0
213,254494.0,256243.0,0.0
214,254494.0,257144.0,0.0
215,254494.0,162545.0,0.0
216,254494.0,254494.0,0.0
217,254494.0,228435.0,0.0
218,254494.0,172883.0,0.0
219,254494.0,226943.0,0.0
220,254494.0,162546.0,0.0
221,254494.0,258850.0,0.0
222,254494.0,258851.0,0.0
223,254494.0,178641.0,0.0
224,254494.0,178642.0,0.0
225,254494.0,162738.0,0.0
226,254494.0,172884.0,0.0
227,254494.0,162739.0,0.0
228,254494.0,178643.0,0.0
229,254494.0,225458.0,0.0
230,254494.0,225459.0,0.0
231,254494.0,225460.0,0.0
232,254494.0,258852.0,0.0
233,254494.0,163284.0,0.0
234,254494.0,257772.0,0.0
235,254494.0,167145.0,0.0
236,254494.0,163286.0,0.0
237,254494.0,178645.0,0.0
238,254494.0,176858.0,0.06898934445305224
239,254494.0,172920.0,0.07646329173240966
240,254494.0,172885.0,0.07970496151010285
241,254494.0,162551.0,0.0746658743538461
242,254494.0,256210.0,0.0746658743538461
243,254494.0,255516.0,0.054126362433806946
244,254494.0,162744.0,0.0695747232121681
245,254494.0,258861.0,0.0695747232121681
246,254494.0,264985.0,0.06679115889420033
247,254494.0,162745.0,0.0
248,254494.0,162746.0,0.0
249,254494.0,258862.0,0.0
250,254494.0,162552.0,0.0
251,254494.0,258863.0,0.08058759926702266
252,254494.0,163471.0,0.07828314227455105
253,254494.0,173214.0,0.08523146179061022
254,254494.0,255915.0,0.1529130754605904
255,254494.0,254310.0,0.15885365748487776
256,254494.0,178581.0,0.19299714673570087
257,254494.0,163472.0,0.17642039378946545
258,254494.0,254999.0,0.15418745037404707
259,254494.0,258864.0,0.15760566204700252
260,254494.0,257387.0,0.18055218865601927
261,254494.0,225465.0,0.17905685447116282
262,254494.0,228316.0,0.17905685447116282
263,254494.0,255517.0,0.1842349272788248
264,254494.0,176188.0,0.17429947803122697
265,254494.0,162747.0,0.18955346929267652
266,254494.0,162748.0,0.21206805169508625
267,254494.0,163473.0,0.21206805169508625
268,254494.0,162749.0,0.20416395594025194
269,254494.0,163290.0,0.18552626265927546
270,254494.0,163474.0,0.18494108757956634
271,254494.0,163475.0,0.16964891335647928
272,254494.0,163476.0,0.17266558103467936
273,254494.0,179506.0,0.17397442380496586
274,254494.0,179507.0,0.17397442380496586
275,254494.0,258865.0,0.17530516965254225
276,254494.0,162553.0,0.14094498518001922
277,254494.0,163477.0,0.1407136401687247
278,254494.0,167151.0,0.10690466679948314
279,254494.0,177013.0,0.0
280,254494.0,176189.0,0.0
281,254494.0,177014.0,0.0
282,254494.0,257771.0,0.0
283,254494.0,163291.0,0.0
284,228435.0,256243.0,0.0
285,228435.0,257144.0,0.0
286,228435.0,162545.0,0.0
287,228435.0,254494.0,0.0
288,228435.0,228435.0,0.0
289,228435.0,172883.0,0.0
290,228435.0,226943.0,0.0
291,228435.0,162546.0,0.0
292,228435.0,258850.0,0.0
293,228435.0,258851.0,0.0
294,228435.0,178641.0,0.0
295,228435.0,178642.0,0.0
296,228435.0,162738.0,0.0
297,228435.0,172884.0,0.0
298,228435.0,162739.0,0.0
299,228435.0,178643.0,0.0
300,228435.0,225458.0,0.0
301,228435.0,225459.0,0.0
302,228435.0,225460.0,0.0
303,228435.0,258852.0,0.0
304,228435.0,163284.0,0.0
305,228435.0,257772.0,0.0
306,228435.0,167145.0,0.0
307,228435.0,163286.0,0.0
308,228435.0,178645.0,0.0
309,228435.0,176858.0,0.06898934445305224
310,228435.0,172920.0,0.07646329173240966
311,228435.0,172885.0,0.07970496151010285
312,228435.0,162551.0,0.0746658743538461
313,228435.0,256210.0,0.0746658743538461
314,228435.0,255516.0,0.054126362433806946
315,228435.0,162744.0,0.0695747232121681
316,228435.0,258861.0,0.0695747232121681
317,228435.0,264985.0,0.06679115889420033
318,228435.0,162745.0,0.0
319,228435.0,162746.0,0.0
320,228435.0,258862.0,0.0
321,228435.0,162552.0,0.0
322,228435.0,258863.0,0.08058759926702266
323,228435.0,163471.0,0.07828314227455105
324,228435.0,173214.0,0.08523146179061022
325,228435.0,255915.0,0.1529130754605904
326,228435.0,254310.0,0.15885365748487776
327,228435.0,178581.0,0.19299714673570087
328,228435.0,163472.0,0.17642039378946545
329,228435.0,254999.0,0.15418745037404707
330,228435.0,258864.0,0.15760566204700252
331,228435.0,257387.0,0.18055218865601927
332,228435.0,225465.0,0.17905685447116282
333,228435.0,228316.0,0.17905685447116282
334,228435.0,255517.0,0.1842349272788248
335,228435.0,176188.0,0.17429947803122697
336,228435.0,162747.0,0.18955346929267652
337,228435.0,162748.0,0.21206805169508625
338,228435.0,163473.0,0.21206805169508625
339,228435.0,162749.0,0.20416395594025194
340,228435.0,163290.0,0.18552626265927546
341,228435.0,163474.0,0.18494108757956634
342,228435.0,163475.0,0.16964891335647928
343,228435.0,163476.0,0.17266558103467936
344,228435.0,179506.0,0.17397442380496586
345,228435.0,179507.0,0.17397442380496586
346,228435.0,258865.0,0.17530516965254225
347,228435.0,162553.0,0.14094498518001922
348,228435.0,163477.0,0.1407136401687247
349,228435.0,167151.0,0.10690466679948314
350,228435.0,177013.0,0.0
351,228435.0,176189.0,0.0
352,228435.0,177014.0,0.0
353,228435.0,257771.0,0.0
354,228435.0,163291.0,0.0
355,172883.0,256243.0,0.0
356,172883.0,257144.0,0.0
357,172883.0,162545.0,0.0
358,172883.0,254494.0,0.0
359,172883.0,228435.0,0.0
360,172883.0,172883.0,0.0
361,172883.0,226943.0,0.0
362,172883.0,162546.0,0.0
363,172883.0,258850.0,0.0
364,172883.0,258851.0,0.0
365,172883.0,178641.0,0.0
366,172883.0,178642.0,0.0
367,172883.0,162738.0,0.0
368,172883.0,172884.0,0.0
369,172883.0,162739.0,0.0
370,172883.0,178643.0,0.0
371,172883.0,225458.0,0.0
372,172883.0,225459.0,0.0
373,172883.0,225460.0,0.0
374,172883.0,258852.0,0.0
375,172883.0,163284.0,0.0
376,172883.0,257772.0,0.0
377,172883.0,167145.0,0.0
378,172883.0,163286.0,0.0
379,172883.0,178645.0,0.0
380,172883.0,176858.0,0.06947282919889619
381,172883.0,172920.0,0.07697011753483662
382,172883.0,172885.0,0.0800364731690189
383,172883.0,162551.0,0.07518562948233971
384,172883.0,256210.0,0.07518562948233971
385,172883.0,255516.0,0.05477166169996258
386,172883.0,162744.0,0.07016203090214976
387,172883.0,258861.0,0.07016203090214976
388,172883.0,264985.0,0.06740304198987296
389,172883.0,162745.0,0.0
390,172883.0,162746.0,0.0
391,172883.0,258862.0,0.0
392,172883.0,162552.0,0.0
393,172883.0,258863.0,0.08171825422677961
394,172883.0,163471.0,0.07937428637812088
395,172883.0,173214.0,0.08632552779830005
396,172883.0,255915.0,0.15371522307601318
397,172883.0,254310.0,0.15967024460560264
398,172883.0,178581.0,0.19418425205120501
399,172883.0,163472.0,0.17764683354811503
400,172883.0,254999.0,0.15538323548669467
401,172883.0,258864.0,0.15881250316903872
402,172883.0,257387.0,0.18173968203514548
403,172883.0,225465.0,0.18021004141746966
404,172883.0,228316.0,0.18021004141746966
405,172883.0,255517.0,0.18544165812345412
406,172883.0,176188.0,0.17545370895103354
407,172883.0,162747.0,0.19069875024800487
408,172883.0,162748.0,0.21281098844875687
409,172883.0,163473.0,0.21281098844875687
410,172883.0,162749.0,0.20489702026473489
411,172883.0,163290.0,0.18643913862240244
412,172883.0,163474.0,0.1857633195125784
413,172883.0,163475.0,0.1704589927438117
414,172883.0,163476.0,0.1734978073536282
415,172883.0,179506.0,0.1748177083686855
416,172883.0,179507.0,0.1748177083686855
417,172883.0,258865.0,0.17615924121813448
418,172883.0,162553.0,0.1416271511554838
419,172883.0,163477.0,0.1413942233291107
420,172883.0,167151.0,0.10787134485194975
421,172883.0,177013.0,0.0
422,172883.0,176189.0,0.0
423,172883.0,177014.0,0.0
424,172883.0,257771.0,0.0
425,172883.0,163291.0,0.0
426,226943.0,256243.0,0.0
427,226943.0,257144.0,0.0
428,226943.0,162545.0,0.0
429,226943.0,254494.0,0.0
430,226943.0,228435.0,0.0
431,226943.0,172883.0,0.0
432,226943.0,226943.0,0.0
433,226943.0,162546.0,0.0
434,226943.0,258850.0,0.0
435,226943.0,258851.0,0.0
436,226943.0,178641.0,0.0
437,226943.0,178642.0,0.0
438,226943.0,162738.0,0.0
439,226943.0,172884.0,0.0
440,226943.0,162739.0,0.0
441,226943.0,178643.0,0.0
442,226943.0,225458.0,0.0
443,226943.0,225459.0,0.0
444,226943.0,225460.0,0.0
445,226943.0,258852.0,0.0
446,226943.0,163284.0,0.0
447,226943.0,257772.0,0.0
448,226943.0,167145.0,0.0
449,226943.0,163286.0,0.0
450,226943.0,178645.0,0.0
451,226943.0,176858.0,0.06944329575286956
452,226943.0,172920.0,0.07693478146541342
453,226943.0,172885.0,0.0800454101703729
454,226943.0,162551.0,0.07514691536426345
455,226943.0,256210.0,0.07514691536426345
456,226943.0,255516.0,0.0546993255982531
457,226943.0,162744.0,0.07010557576739301
458,226943.0,258861.0,0.07010557576739301
459,226943.0,264985.0,0.06734002409441998
460,226943.0,162745.0,0.0
461,226943.0,162746.0,0.0
462,226943.0,258862.0,0.0
463,226943.0,162552.0,0.0
464,226943.0,258863.0,0.08141590283383804
465,226943.0,163471.0,0.0790762440597813
466,226943.0,173214.0,0.08602717018500765
467,226943.0,255915.0,0.15346085337925286
468,226943.0,254310.0,0.15941340769788978
469,226943.0,178581.0,0.1938771885288916
470,226943.0,163472.0,0.17733803420292518
471,226943.0,254999.0,0.15507562846204093
472,226943.0,258864.0,0.1585043284796651
473,226943.0,257387.0,0.18143259031978023
474,226943.0,225465.0,0.1799056415866189
475,226943.0,228316.0,0.1799056415866189
476,226943.0,255517.0,0.18513349258327585
477,226943.0,176188.0,0.17514921339622694
478,226943.0,162747.0,0.19039508482348402
479,226943.0,162748.0,0.21256719330524246
480,226943.0,163473.0,0.21256719330524246
481,226943.0,162749.0,0.20465498582124705
482,226943.0,163290.0,0.1861664490681022
483,226943.0,163474.0,0.1855055796699004
484,226943.0,163475.0,0.170203301543638
485,226943.0,163476.0,0.17323834075152558
486,226943.0,179506.0,0.17455637789986927
487,226943.0,179507.0,0.17455637789986927
488,226943.0,258865.0,0.1758961072026033
489,226943.0,162553.0,0.14139421944751296
490,226943.0,163477.0,0.1411615831146442
491,226943.0,167151.0,0.10759017348419134
492,226943.0,177013.0,0.0
493,226943.0,176189.0,0.0
494,226943.0,177014.0,0.0
495,226943.0,257771.0,0.0
496,226943.0,163291.0,0.0
497,162546.0,256243.0,0.0
498,162546.0,257144.0,0.0
499,162546.0,162545.0,0.0
500,162546.0,254494.0,0.0
501,162546.0,228435.0,0.0
502,162546.0,172883.0,0.0
503,162546.0,226943.0,0.0
504,162546.0,162546.0,0.0
505,162546.0,258850.0,0.0
506,162546.0,258851.0,0.0
507,162546.0,178641.0,0.0
508,162546.0,178642.0,0.0
509,162546.0,162738.0,0.0
510,162546.0,172884.0,0.0
511,162546.0,162739.0,0.0
512,162546.0,178643.0,0.0
513,162546.0,225458.0,0.0
514,162546.0,225459.0,0.0
515,162546.0,225460.0,0.0
516,162546.0,258852.0,0.0
517,162546.0,163284.0,0.0
518,162546.0,257772.0,0.0
519,162546.0,167145.0,0.0
520,162546.0,163286.0,0.0
521,162546.0,178645.0,0.0
522,162546.0,176858.0,0.06944329575286956
523,162546.0,172920.0,0.07693478146541342
524,162546.0,172885.0,0.0800454101703729
525,162546.0,162551.0,0.07514691536426345
526,162546.0,256210.0,0.07514691536426345
527,162546.0,255516.0,0.0546993255982531
528,162546.0,162744.0,0.07010557576739301
529,162546.0,258861.0,0.07010557576739301
530,162546.0,264985.0,0.06734002409441998
531,162546.0,162745.0,0.0
532,162546.0,162746.0,0.0
533,162546.0,258862.0,0.0
534,162546.0,162552.0,0.0
535,162546.0,258863.0,0.08141590283383804
536,162546.0,163471.0,0.0790762440597813
537,162546.0,173214.0,0.08602717018500765
538,162546.0,255915.0,0.15346085337925286
539,162546.0,254310.0,0.15941340769788978
540,162546.0,178581.0,0.1938771885288916
541,162546.0,163472.0,0.17733803420292518
542,162546.0,254999.0,0.15507562846204093
543,162546.0,258864.0,0.1585043284796651
544,162546.0,257387.0,0.18143259031978023
545,162546.0,225465.0,0.1799056415866189
546,162546.0,228316.0,0.1799056415866189
547,162546.0,255517.0,0.18513349258327585
548,162546.0,176188.0,0.17514921339622694
549,162546.0,162747.0,0.19039508482348402
550,162546.0,162748.0,0.21256719330524246
551,162546.0,163473.0,0.21256719330524246
552,162546.0,162749.0,0.20465498582124705
553,162546.0,163290.0,0.1861664490681022
554,162546.0,163474.0,0.1855055796699004
555,162546.0,163475.0,0.170203301543638
556,162546.0,163476.0,0.17323834075152558
557,162546.0,179506.0,0.17455637789986927
558,162546.0,179507.0,0.17455637789986927
559,162546.0,258865.0,0.1758961072026033
560,162546.0,162553.0,0.14139421944751296
561,162546.0,163477.0,0.1411615831146442
562,162546.0,167151.0,0.10759017348419134
563,162546.0,177013.0,0.0
564,162546.0,176189.0,0.0
565,162546.0,177014.0,0.0
566,162546.0,257771.0,0.0
567,162546.0,163291.0,0.0
568,258850.0,256243.0,0.0
569,258850.0,257144.0,0.0
570,258850.0,162545.0,0.0
571,258850.0,254494.0,0.0
572,258850.0,228435.0,0.0
573,258850.0,172883.0,0.0
574,258850.0,226943.0,0.0
575,258850.0,162546.0,0.0
576,258850.0,258850.0,0.0
577,258850.0,258851.0,0.0
578,258850.0,178641.0,0.0
579,258850.0,178642.0,0.0
580,258850.0,162738.0,0.0
581,258850.0,172884.0,0.0
582,258850.0,162739.0,0.0
583,258850.0,178643.0,0.0
584,258850.0,225458.0,0.0
585,258850.0,225459.0,0.0
586,258850.0,225460.0,0.0
587,258850.0,258852.0,0.0
588,258850.0,163284.0,0.0
589,258850.0,257772.0,0.0
590,258850.0,167145.0,0.0
591,258850.0,163286.0,0.0
592,258850.0,178645.0,0.0
593,258850.0,176858.0,0.06863859804945024
594,258850.0,172920.0,0.07615443103474377
595,258850.0,172885.0,0.07908006999798349
596,258850.0,162551.0,0.07438167000438903
597,258850.0,256210.0,0.07438167000438903
598,258850.0,255516.0,0.05409258579778575
599,258850.0,162744.0,0.06942113100436889
600,258850.0,258861.0,0.06942113100436889
601,258850.0,264985.0,0.06668648559228692
602,258850.0,162745.0,0.0
603,258850.0,162746.0,0.0
604,258850.0,258862.0,0.0
605,258850.0,162552.0,0.0
606,258850.0,258863.0,0.08281975911972586
607,258850.0,163471.0,0.0805167295760105
608,258850.0,173214.0,0.08746522164691349
609,258850.0,255915.0,0.15500983180366235
610,258850.0,254310.0,0.16096124383487997
611,258850.0,178581.0,0.19520846268877476
612,258850.0,163472.0,0.178596331485318
613,258850.0,254999.0,0.1563930955578093
614,258850.0,258864.0,0.15980241389613337
615,258850.0,257387.0,0.1827633081977874
616,258850.0,225465.0,0.1812836521422468
617,258850.0,228316.0,0.1812836521422468
618,258850.0,255517.0,0.18643161707503902
619,258850.0,176188.0,0.17652596067305204
620,258850.0,162747.0,0.1917824517771921
621,258850.0,162748.0,0.2141176014870446
622,258850.0,163473.0,0.2141176014870446
623,258850.0,162749.0,0.2062051459954457
624,258850.0,163290.0,0.18769746803797582
625,258850.0,163474.0,0.1870529014561678
626,258850.0,163475.0,0.17175170477154755
627,258850.0,163476.0,0.17478457206511938
628,258850.0,179506.0,0.17610122132662256
629,258850.0,179507.0,0.17610122132662256
630,258850.0,258865.0,0.17743939466781455
631,258850.0,162553.0,0.14294116629756418
632,258850.0,163477.0,0.14270837766768005
633,258850.0,167151.0,0.10910338741301716
634,258850.0,177013.0,0.0
635,258850.0,176189.0,0.0
636,258850.0,177014.0,0.0
637,258850.0,257771.0,0.0
638,258850.0,163291.0,0.0
639,258851.0,256243.0,0.0
640,258851.0,257144.0,0.0
641,258851.0,162545.0,0.0
642,258851.0,254494.0,0.0
643,258851.0,228435.0,0.0
644,258851.0,172883.0,0.0
645,258851.0,226943.0,0.0
646,258851.0,162546.0,0.0
647,258851.0,258850.0,0.0
648,258851.0,258851.0,0.0
649,258851.0,178641.0,0.0
650,258851.0,178642.0,0.0
651,258851.0,162738.0,0.0
652,258851.0,172884.0,0.0
653,258851.0,162739.0,0.0
654,258851.0,178643.0,0.0
655,258851.0,225458.0,0.0
656,258851.0,225459.0,0.0
657,258851.0,225460.0,0.0
658,258851.0,258852.0,0.0
659,258851.0,163284.0,0.0
660,258851.0,257772.0,0.0
661,258851.0,167145.0,0.0
662,258851.0,163286.0,0.0
663,258851.0,178645.0,0.0
664,258851.0,176858.0,0.06792975145302321
665,258851.0,172920.0,0.0754524587058108
666,258851.0,172885.0,0.07832641921618877
667,258851.0,162551.0,0.07368445709755607
668,258851.0,256210.0,0.07368445709755607
669,258851.0,255516.0,0.05344989426950017
670,258851.0,162744.0,0.0687501604656532
671,258851.0,258861.0,0.0687501604656532
672,258851.0,264985.0,0.06602609098881865
673,258851.0,162745.0,0.0
674,258851.0,162746.0,0.0
675,258851.0,258862.0,0.0
676,258851.0,162552.0,0.0
677,258851.0,258863.0,0.08328362302459394
678,258851.0,163471.0,0.08101896762912231
679,258851.0,173214.0,0.08796441870329404
680,258851.0,255915.0,0.15569043280339506
681,258851.0,254310.0,0.16163553992144303
682,258851.0,178581.0,0.19560083808551862
683,258851.0,163472.0,0.17892706825804028
684,258851.0,254999.0,0.1567740183032173
685,258851.0,258864.0,0.16016659540103786
686,258851.0,257387.0,0.18315537594111617
687,258851.0,225465.0,0.18171926061447705
688,258851.0,228316.0,0.18171926061447705
689,258851.0,255517.0,0.1867953225463871
690,258851.0,176188.0,0.17696043272012182
691,258851.0,162747.0,0.19222695258546105
692,258851.0,162748.0,0.2148221022765141
693,258851.0,163473.0,0.2148221022765141
694,258851.0,162749.0,0.20691330577244946
695,258851.0,163290.0,0.18832374371096927
696,258851.0,163474.0,0.1877246751850006
697,258851.0,163475.0,0.1724288754621531
698,258851.0,163476.0,0.1754517904275993
699,258851.0,179506.0,0.17676327558947066
700,258851.0,179507.0,0.17676327558947066
701,258851.0,258865.0,0.17809628165132735
702,258851.0,162553.0,0.14366675110790747
703,258851.0,163477.0,0.14343447496729236
704,258851.0,167151.0,0.10969823959271197
705,258851.0,177013.0,0.0
706,258851.0,176189.0,0.0
707,258851.0,177014.0,0.0
708,258851.0,257771.0,0.0
709,258851.0,163291.0,0.0
710,178641.0,256243.0,0.0
711,178641.0,257144.0,0.0
712,178641.0,162545.0,0.0
713,178641.0,254494.0,0.0
714,178641.0,228435.0,0.0
715,178641.0,172883.0,0.0
716,178641.0,226943.0,0.0
717,178641.0,162546.0,0.0
718,178641.0,258850.0,0.0
719,178641.0,258851.0,0.0
720,178641.0,178641.0,0.0
721,178641.0,178642.0,0.0
722,178641.0,162738.0,0.0
723,178641.0,172884.0,0.0
724,178641.0,162739.0,0.0
725,178641.0,178643.0,0.0
726,178641.0,225458.0,0.0
727,178641.0,225459.0,0.0
728,178641.0,225460.0,0.0
729,178641.0,258852.0,0.0
730,178641.0,163284.0,0.0
731,178641.0,257772.0,0.0
732,178641.0,167145.0,0.0
733,178641.0,163286.0,0.0
734,178641.0,178645.0,0.0547944468597501
735,178641.0,176858.0,0.06480680128283763
736,178641.0,172920.0,0.07184147996061695
737,178641.0,172885.0,0.07710078805067513
738,178641.0,162551.0,0.0699230710788288
739,178641.0,256210.0,0.0699230710788288
740,178641.0,255516.0,0.0
741,178641.0,162744.0,0.0641170252422438
742,178641.0,258861.0,0.0641170252422438
743,178641.0,264985.0,0.06109512676480164
744,178641.0,162745.0,0.0
745,178641.0,162746.0,0.0
746,178641.0,258862.0,0.0
747,178641.0,162552.0,0.0
748,178641.0,258863.0,0.0683491252774396
749,178641.0,163471.0,0.06661092060491876
750,178641.0,173214.0,0.07346936332498807
751,178641.0,255915.0,0.1445568908269043
752,178641.0,254310.0,0.1503014394180956
753,178641.0,178581.0,0.1797812243260874
754,178641.0,163472.0,0.1627068537982415
755,178641.0,254999.0,0.1408883266975967
756,178641.0,258864.0,0.1441593818115328
757,178641.0,257387.0,0.16733934605680273
758,178641.0,225465.0,0.16628290429433878
759,178641.0,228316.0,0.16628290429433878
760,178641.0,255517.0,0.17077270013778945
761,178641.0,176188.0,0.16151668731424237
762,178641.0,162747.0,0.1768704540513185
763,178641.0,162748.0,0.2042730637405622
764,178641.0,163473.0,0.2042730637405622
765,178641.0,162749.0,0.1965026505820466
766,178641.0,163290.0,0.17573139358156142
767,178641.0,163474.0,0.17624990424419804
768,178641.0,163475.0,0.16114373951173047
769,178641.0,163476.0,0.1638831218648361
770,178641.0,179506.0,0.16505406683881807
771,178641.0,179507.0,0.16505406683881807
772,178641.0,258865.0,0.16625016520797978
773,178641.0,162553.0,0.13409526709646816
774,178641.0,163477.0,0.13388415420200397
775,178641.0,167151.0,0.09669712476909612
776,178641.0,177013.0,0.0
777,178641.0,176189.0,0.0
778,178641.0,177014.0,0.0
779,178641.0,257771.0,0.0
780,178641.0,163291.0,0.0
781,178642.0,256243.0,0.0
782,178642.0,257144.0,0.0
783,178642.0,162545.0,0.0
784,178642.0,254494.0,0.0
785,178642.0,228435.0,0.0
786,178642.0,172883.0,0.0
787,178642.0,226943.0,0.0
788,178642.0,162546.0,0.0
789,178642.0,258850.0,0.0
790,178642.0,258851.0,0.0
791,178642.0,178641.0,0.0
792,178642.0,178642.0,0.0
793,178642.0,162738.0,0.0
794,178642.0,172884.0,0.0
795,178642.0,162739.0,0.0
796,178642.0,178643.0,0.0
797,178642.0,225458.0,0.0
798,178642.0,225459.0,0.0
799,178642.0,225460.0,0.0
800,178642.0,258852.0,0.0
801,178642.0,163284.0,0.0
802,178642.0,257772.0,0.0
803,178642.0,167145.0,0.0
804,178642.0,163286.0,0.0
805,178642.0,178645.0,0.05496992874583379
806,178642.0,176858.0,0.059997465539670655
807,178642.0,172920.0,0.06726592121943066
808,178642.0,172885.0,0.07169359094566158
809,178642.0,162551.0,0.06539513235554113
810,178642.0,256210.0,0.06539513235554113
811,178642.0,255516.0,0.0
812,178642.0,162744.0,0.05990580961503841
813,178642.0,258861.0,0.05990580961503841
814,178642.0,264985.0,0.05698784857031871
815,178642.0,162745.0,0.0
816,178642.0,162746.0,0.0
817,178642.0,258862.0,0.0
818,178642.0,162552.0,0.0
819,178642.0,258863.0,0.07560056931907948
820,178642.0,163471.0,0.07398924909234596
821,178642.0,173214.0,0.08082088955869195
822,178642.0,255915.0,0.15206574955293145
823,178642.0,254310.0,0.15781971331034456
824,178642.0,178581.0,0.18654485489371544
825,178642.0,163472.0,0.16915511042124842
826,178642.0,254999.0,0.1476287968036187
827,178642.0,258864.0,0.15080913032697899
828,178642.0,257387.0,0.1741108443854099
829,178642.0,225465.0,0.1732606470934214
830,178642.0,228316.0,0.1732606470934214
831,178642.0,255517.0,0.17739537516369497
832,178642.0,176188.0,0.1684931937607674
833,178642.0,162747.0,0.18387948315948424
834,178642.0,162748.0,0.21175648473934444
835,178642.0,163473.0,0.21175648473934444
836,178642.0,162749.0,0.2039753922971432
837,178642.0,163290.0,0.18325236953814125
838,178642.0,163474.0,0.18377491325764292
839,178642.0,163475.0,0.16866129385077572
840,178642.0,163476.0,0.1714098211149151
841,178642.0,179506.0,0.17258369584980957
842,178642.0,179507.0,0.17258369584980957
843,178642.0,258865.0,0.17378159421033393
844,178642.0,162553.0,0.14147321764878307
845,178642.0,163477.0,0.1412596237390314
846,178642.0,167151.0,0.10421110888996848
847,178642.0,177013.0,0.0
848,178642.0,176189.0,0.0
849,178642.0,177014.0,0.0
850,178642.0,257771.0,0.0
851,178642.0,163291.0,0.0
852,162738.0,256243.0,0.0
853,162738.0,257144.0,0.0
854,162738.0,162545.0,0.0
855,162738.0,254494.0,0.0
856,162738.0,228435.0,0.0
857,162738.0,172883.0,0.0
858,162738.0,226943.0,0.0
859,162738.0,162546.0,0.0
860,162738.0,258850.0,0.0
861,162738.0,258851.0,0.0
862,162738.0,178641.0,0.0
863,162738.0,178642.0,0.0
864,162738.0,162738.0,0.0
865,162738.0,172884.0,0.0
866,162738.0,162739.0,0.0
867,162738.0,178643.0,0.0
868,162738.0,225458.0,0.0
869,162738.0,225459.0,0.0
870,162738.0,225460.0,0.0
871,162738.0,258852.0,0.0
872,162738.0,163284.0,0.0
873,162738.0,257772.0,0.0
874,162738.0,167145.0,0.0
875,162738.0,163286.0,0.0
876,162738.0,178645.0,0.06406180490309143
877,162738.0,176858.0,0.0
878,162738.0,172920.0,0.05487360968699096
879,162738.0,172885.0,0.058294741861805166
880,162738.0,162551.0,0.053087765253809434
881,162738.0,256210.0,0.053087765253809434
882,162738.0,255516.0,0.0
883,162738.0,162744.0,0.0
884,162738.0,258861.0,0.0
885,162738.0,264985.0,0.0
886,162738.0,162745.0,0.0
887,162738.0,162746.0,0.0
888,162738.0,258862.0,0.0
889,162738.0,162552.0,0.0
890,162738.0,258863.0,0.08632815704370664
891,162738.0,163471.0,0.08529113316229618
892,162738.0,173214.0,0.09194746002875713
893,162738.0,255915.0,0.1650229108607211
894,162738.0,254310.0,0.1706755610931523
895,162738.0,178581.0,0.19504510872235367
896,162738.0,163472.0,0.17672515344265458
897,162738.0,254999.0,0.15616664263794533
898,162738.0,258864.0,0.1590503210637373
899,162738.0,257387.0,0.18266734221323977
900,162738.0,225465.0,0.1825254986070003
901,162738.0,228316.0,0.1825254986070003
902,162738.0,255517.0,0.1854687588910266
903,162738.0,176188.0,0.17776494012721705
904,162738.0,162747.0,0.1932353433525072
905,162738.0,162748.0,0.2248742181090777
906,162738.0,163473.0,0.2248742181090777
907,162738.0,162749.0,0.21715441899705215
908,162738.0,163290.0,0.19536866607110992
909,162738.0,163474.0,0.1965186939229779
910,162738.0,163475.0,0.18151971699478409
911,162738.0,163476.0,0.18412806842256893
912,162738.0,179506.0,0.1852290202981276
913,162738.0,179507.0,0.1852290202981276
914,162738.0,258865.0,0.18635326527754198
915,162738.0,162553.0,0.15500654582042117
916,162738.0,163477.0,0.15479929991258293
917,162738.0,167151.0,0.11633409337943162
918,162738.0,177013.0,0.0
919,162738.0,176189.0,0.0
920,162738.0,177014.0,0.0
921,162738.0,257771.0,0.0
922,162738.0,163291.0,0.0
923,172884.0,256243.0,0.0
924,172884.0,257144.0,0.0
925,172884.0,162545.0,0.0
926,172884.0,254494.0,0.0
927,172884.0,228435.0,0.0
928,172884.0,172883.0,0.0
929,172884.0,226943.0,0.0
930,172884.0,162546.0,0.0
931,172884.0,258850.0,0.0
932,172884.0,258851.0,0.0
933,172884.0,178641.0,0.0
934,172884.0,178642.0,0.0
935,172884.0,162738.0,0.0
936,172884.0,172884.0,0.0
937,172884.0,162739.0,0.0
938,172884.0,178643.0,0.0
939,172884.0,225458.0,0.0
940,172884.0,225459.0,0.0
941,172884.0,225460.0,0.0
942,172884.0,258852.0,0.0
943,172884.0,163284.0,0.0
944,172884.0,257772.0,0.0
945,172884.0,167145.0,0.0
946,172884.0,163286.0,0.0
947,172884.0,178645.0,0.0
948,172884.0,176858.0,0.07426995465931727
949,172884.0,172920.0,0.08187376800792637
950,172884.0,172885.0,0.08368210990307955
951,172884.0,162551.0,0.080191039724426
952,172884.0,256210.0,0.080191039724426
953,172884.0,255516.0,0.060799159935799464
954,172884.0,162744.0,0.07566692076531177
955,172884.0,258861.0,0.07566692076531177
956,172884.0,264985.0,0.0730950900529642
957,172884.0,162745.0,0.0
958,172884.0,162746.0,0.0
959,172884.0,258862.0,0.0
960,172884.0,162552.0,0.05285786169781164
961,172884.0,258863.0,0.0902507892612623
962,172884.0,163471.0,0.08761756632369982
963,172884.0,173214.0,0.09457526061931885
964,172884.0,255915.0,0.15963981038402453
965,172884.0,254310.0,0.1656968962056664
966,172884.0,178581.0,0.20307845753984838
967,172884.0,163472.0,0.18687035528511675
968,172884.0,254999.0,0.16436009740370502
969,172884.0,258864.0,0.16787835699188194
970,172884.0,257387.0,0.1906404706647653
971,172884.0,225465.0,0.18883412941219846
972,172884.0,228316.0,0.18883412941219846
973,172884.0,255517.0,0.19449932231445888
974,172884.0,176188.0,0.18408800226068106
975,172884.0,162747.0,0.19925559222753567
976,172884.0,162748.0,0.21821749726392412
977,172884.0,163473.0,0.21821749726392412
978,172884.0,162749.0,0.2102344232596707
979,172884.0,163290.0,0.19317766285761245
980,172884.0,163474.0,0.19180400784221407
981,172884.0,163475.0,0.1764226122934506
982,172884.0,163476.0,0.17962776344258674
983,172884.0,179506.0,0.18103111389207827
984,172884.0,179507.0,0.18103111389207827
985,172884.0,258865.0,0.18245410408903232
986,172884.0,162553.0,0.14666021411278554
987,172884.0,163477.0,0.14641574565678447
988,172884.0,167151.0,0.11512157881627935
989,172884.0,177013.0,0.0
990,172884.0,176189.0,0.0
991,172884.0,177014.0,0.0
992,172884.0,257771.0,0.05000836104722954
993,172884.0,163291.0,0.0
994,162739.0,256243.0,0.0
995,162739.0,257144.0,0.0
996,162739.0,162545.0,0.0
997,162739.0,254494.0,0.0
998,162739.0,228435.0,0.0
999,162739.0,172883.0,0.0
1000,162739.0,226943.0,0.0
1001,162739.0,162546.0,0.0
1002,162739.0,258850.0,0.0
1003,162739.0,258851.0,0.0
1004,162739.0,178641.0,0.0
1005,162739.0,178642.0,0.0
1006,162739.0,162738.0,0.0
1007,162739.0,172884.0,0.0
1008,162739.0,162739.0,0.0
1009,162739.0,178643.0,0.0
1010,162739.0,225458.0,0.0
1011,162739.0,225459.0,0.0
1012,162739.0,225460.0,0.0
1013,162739.0,258852.0,0.0
1014,162739.0,163284.0,0.0
1015,162739.0,257772.0,0.0
1016,162739.0,167145.0,0.0
1017,162739.0,163286.0,0.0
1018,162739.0,178645.0,0.0
1019,162739.0,176858.0,0.07490422641432096
1020,162739.0,172920.0,0.08234907190356838
1021,162739.0,172885.0,0.08573748228883456
1022,162739.0,162551.0,0.08053641188813633
1023,162739.0,256210.0,0.08053641188813633
1024,162739.0,255516.0,0.05981924343922912
1025,162739.0,162744.0,0.07535289743464754
1026,162739.0,258861.0,0.07535289743464754
1027,162739.0,264985.0,0.0725314303073518
1028,162739.0,162745.0,0.0
1029,162739.0,162746.0,0.0
1030,162739.0,258862.0,0.0
1031,162739.0,162552.0,0.0
1032,162739.0,258863.0,0.07861766632320256
1033,162739.0,163471.0,0.07597033813978409
1034,162739.0,173214.0,0.08292813829939094
1035,162739.0,255915.0,0.14878689095845848
1036,162739.0,254310.0,0.15479080358825537
1037,162739.0,178581.0,0.19150220717850627
1038,162739.0,163472.0,0.17544923063473508
1039,162739.0,254999.0,0.15281713850624387
1040,162739.0,258864.0,0.15637271660884985
1041,162739.0,257387.0,0.17906747446177293
1042,162739.0,225465.0,0.17720210716419935
1043,162739.0,228316.0,0.17720210716419935
1044,162739.0,255517.0,0.18298550280731424
1045,162739.0,176188.0,0.1724575444111877
1046,162739.0,162747.0,0.18761597445154976
1047,162739.0,162748.0,0.20767770561586943
1048,162739.0,163473.0,0.20767770561586943
1049,162739.0,162749.0,0.19973550139361151
1050,162739.0,163290.0,0.18193468774001312
1051,162739.0,163474.0,0.18089689307492587
1052,162739.0,163475.0,0.1655532409660483
1053,162739.0,163476.0,0.1686710231410577
1054,162739.0,179506.0,0.17003187642204892
1055,162739.0,179507.0,0.17003187642204892
1056,162739.0,258865.0,0.1714143198383092
1057,162739.0,162553.0,0.13633634035498177
1058,162739.0,163477.0,0.1360992642822082
1059,162739.0,167151.0,0.10366499359666452
1060,162739.0,177013.0,0.0
1061,162739.0,176189.0,0.0
1062,162739.0,177014.0,0.0
1063,162739.0,257771.0,0.0
1064,162739.0,163291.0,0.0
1065,178643.0,256243.0,0.0
1066,178643.0,257144.0,0.0
1067,178643.0,162545.0,0.0
1068,178643.0,254494.0,0.0
1069,178643.0,228435.0,0.0
1070,178643.0,172883.0,0.0
1071,178643.0,226943.0,0.0
1072,178643.0,162546.0,0.0
1073,178643.0,258850.0,0.0
1074,178643.0,258851.0,0.0
1075,178643.0,178641.0,0.0
1076,178643.0,178642.0,0.0
1077,178643.0,162738.0,0.0
1078,178643.0,172884.0,0.0
1079,178643.0,162739.0,0.0
1080,178643.0,178643.0,0.0
1081,178643.0,225458.0,0.0
1082,178643.0,225459.0,0.0
1083,178643.0,225460.0,0.0
1084,178643.0,258852.0,0.0
1085,178643.0,163284.0,0.0
1086,178643.0,257772.0,0.0
1087,178643.0,167145.0,0.0
1088,178643.0,163286.0,0.0
1089,178643.0,178645.0,0.0
1090,178643.0,176858.0,0.0644583604144156
1091,178643.0,172920.0,0.07181664970907842
1092,178643.0,172885.0,0.07578321856601336
1093,178643.0,162551.0,0.06997165863134826
1094,178643.0,256210.0,0.06997165863134826
1095,178643.0,255516.0,0.0
1096,178643.0,162744.0,0.0646262322735906
1097,178643.0,258861.0,0.0646262322735906
1098,178643.0,264985.0,0.061754737695966386
1099,178643.0,162745.0,0.0
1100,178643.0,162746.0,0.0
1101,178643.0,258862.0,0.0
1102,178643.0,162552.0,0.0
1103,178643.0,258863.0,0.07684932324302735
1104,178643.0,163471.0,0.07489204396782093
1105,178643.0,173214.0,0.08179685006219703
1106,178643.0,255915.0,0.1514598037395935
1107,178643.0,254310.0,0.1573022807527792
1108,178643.0,178581.0,0.18862429303121894
1109,178643.0,163472.0,0.1716422806325163
1110,178643.0,254999.0,0.14974581216963131
1111,178643.0,258864.0,0.1530486189823289
1112,178643.0,257387.0,0.17618035225993534
1113,178643.0,225465.0,0.17500739537052712
1114,178643.0,228316.0,0.17500739537052712
1115,178643.0,255517.0,0.17966758252754333
1116,178643.0,176188.0,0.17024289758506927
1117,178643.0,162747.0,0.18556992500824177
1118,178643.0,162748.0,0.2109409165539525
1119,178643.0,163473.0,0.2109409165539525
1120,178643.0,162749.0,0.20310179037363535
1121,178643.0,163290.0,0.18331767937744023
1122,178643.0,163474.0,0.18333248469504537
1123,178643.0,163475.0,0.16812970225129595
1124,178643.0,163476.0,0.17100155617999996
1125,178643.0,179506.0,0.17223758094779612
1126,178643.0,179507.0,0.17223758094779612
1127,178643.0,258865.0,0.17349680537179688
1128,178643.0,162553.0,0.14024480058618538
1129,178643.0,163477.0,0.14002320075969354
1130,178643.0,167151.0,0.1044057635148546
1131,178643.0,177013.0,0.0
1132,178643.0,176189.0,0.0
1133,178643.0,177014.0,0.0
1134,178643.0,257771.0,0.0
1135,178643.0,163291.0,0.0
1136,225458.0,256243.0,0.0
1137,225458.0,257144.0,0.0
1138,225458.0,162545.0,0.0
1139,225458.0,254494.0,0.0
1140,225458.0,228435.0,0.0
1141,225458.0,172883.0,0.0
1142,225458.0,226943.0,0.0
1143,225458.0,162546.0,0.0
1144,225458.0,258850.0,0.0
1145,225458.0,258851.0,0.0
1146,225458.0,178641.0,0.0
1147,225458.0,178642.0,0.0
1148,225458.0,162738.0,0.0
1149,225458.0,172884.0,0.0
1150,225458.0,162739.0,0.0
1151,225458.0,178643.0,0.0
1152,225458.0,225458.0,0.0
1153,225458.0,225459.0,0.0
1154,225458.0,225460.0,0.0
1155,225458.0,258852.0,0.0
1156,225458.0,163284.0,0.0
1157,225458.0,257772.0,0.0
1158,225458.0,167145.0,0.0
1159,225458.0,163286.0,0.0
1160,225458.0,178645.0,0.0
1161,225458.0,176858.0,0.06585471633674239
1162,225458.0,172920.0,0.07328563825727272
1163,225458.0,172885.0,0.07683597775142062
1164,225458.0,162551.0,0.07146821604854918
1165,225458.0,256210.0,0.07146821604854918
1166,225458.0,255516.0,0.05075192748332936
1167,225458.0,162744.0,0.06627493494255407
1168,225458.0,258861.0,0.06627493494255407
1169,225458.0,264985.0,0.06345669538421941
1170,225458.0,162745.0,0.0
1171,225458.0,162746.0,0.0
1172,225458.0,258862.0,0.0
1173,225458.0,162552.0,0.0
1174,225458.0,258863.0,0.07918120552092538
1175,225458.0,163471.0,0.07709059714405035
1176,225458.0,173214.0,0.08401615727492924
1177,225458.0,255915.0,0.1529000577366339
1178,225458.0,254310.0,0.15878531716615435
1179,225458.0,178581.0,0.19120718293097858
1180,225458.0,163472.0,0.17435881659690727
1181,225458.0,254999.0,0.15234865985028034
1182,225458.0,258864.0,0.15569084667518732
1183,225458.0,257387.0,0.17876190954356108
1184,225458.0,225465.0,0.1774759756542486
1185,225458.0,228316.0,0.1774759756542486
1186,225458.0,255517.0,0.18231558016846308
1187,225458.0,176188.0,0.17271354155484725
1188,225458.0,162747.0,0.1880159018160972
1189,225458.0,162748.0,0.21225108187162078
1190,225458.0,163473.0,0.21225108187162078
1191,225458.0,162749.0,0.20438302288637497
1192,225458.0,163290.0,0.1850782814005059
1193,225458.0,163474.0,0.18484408715682837
1194,225458.0,163475.0,0.16960114506854904
1195,225458.0,163476.0,0.17253456153568344
1196,225458.0,179506.0,0.17380133878986812
1197,225458.0,179507.0,0.17380133878986812
1198,225458.0,258865.0,0.17509066484005736
1199,225458.0,162553.0,0.14135705693187722
1200,225458.0,163477.0,0.14113111959244817
1201,225458.0,167151.0,0.10626615330782936
1202,225458.0,177013.0,0.0
1203,225458.0,176189.0,0.0
1204,225458.0,177014.0,0.0
1205,225458.0,257771.0,0.0
1206,225458.0,163291.0,0.0
1207,225459.0,256243.0,0.0
1208,225459.0,257144.0,0.0
1209,225459.0,162545.0,0.0
1210,225459.0,254494.0,0.0
1211,225459.0,228435.0,0.0
1212,225459.0,172883.0,0.0
1213,225459.0,226943.0,0.0
1214,225459.0,162546.0,0.0
1215,225459.0,258850.0,0.0
1216,225459.0,258851.0,0.0
1217,225459.0,178641.0,0.0
1218,225459.0,178642.0,0.0
1219,225459.0,162738.0,0.0
1220,225459.0,172884.0,0.0
1221,225459.0,162739.0,0.0
1222,225459.0,178643.0,0.0
1223,225459.0,225458.0,0.0
1224,225459.0,225459.0,0.0
1225,225459.0,225460.0,0.0
1226,225459.0,258852.0,0.0
1227,225459.0,163284.0,0.0
1228,225459.0,257772.0,0.0
1229,225459.0,167145.0,0.0
1230,225459.0,163286.0,0.0
1231,225459.0,178645.0,0.0
1232,225459.0,176858.0,0.06871371373076945
1233,225459.0,172920.0,0.07591573162692355
1234,225459.0,172885.0,0.080547622713661
1235,225459.0,162551.0,0.07402734053187077
1236,225459.0,256210.0,0.07402734053187077
1237,225459.0,255516.0,0.052683613948063875
1238,225459.0,162744.0,0.0684152046088692
1239,225459.0,258861.0,0.0684152046088692
1240,225459.0,264985.0,0.06545123170506477
1241,225459.0,162745.0,0.0
1242,225459.0,162746.0,0.0
1243,225459.0,258862.0,0.0
1244,225459.0,162552.0,0.0
1245,225459.0,258863.0,0.0710034298819523
1246,225459.0,163471.0,0.06887731852693284
1247,225459.0,173214.0,0.07580547206151537
1248,225459.0,255915.0,0.14503081210135016
1249,225459.0,254310.0,0.1508789463138588
1250,225459.0,178581.0,0.18319906636069028
1251,225459.0,163472.0,0.16654446450651492
1252,225459.0,254999.0,0.14436861564211545
1253,225459.0,258864.0,0.14776176154722187
1254,225459.0,257387.0,0.17075351982508702
1255,225459.0,225465.0,0.1693641896982875
1256,225459.0,228316.0,0.1693641896982875
1257,225459.0,255517.0,0.17439065577987553
1258,225459.0,176188.0,0.1646036034900745
1259,225459.0,162747.0,0.17988778844747721
1260,225459.0,162748.0,0.20450543340122468
1261,225459.0,163473.0,0.20450543340122468
1262,225459.0,162749.0,0.19666675635766287
1263,225459.0,163290.0,0.17697638954923078
1264,225459.0,163474.0,0.17691432023619594
1265,225459.0,163475.0,0.16170486396523476
1266,225459.0,163476.0,0.16458725100424318
1267,225459.0,179506.0,0.1658299393532003
1268,225459.0,179507.0,0.1658299393532003
1269,225459.0,258865.0,0.16709661719371424
1270,225459.0,162553.0,0.13382811989110646
1271,225459.0,163477.0,0.13360730222651418
1272,225459.0,167151.0,0.09811190993303759
1273,225459.0,177013.0,0.0
1274,225459.0,176189.0,0.0
1275,225459.0,177014.0,0.0
1276,225459.0,257771.0,0.0
1277,225459.0,163291.0,0.0
1278,225460.0,256243.0,0.0
1279,225460.0,257144.0,0.0
1280,225460.0,162545.0,0.0
1281,225460.0,254494.0,0.0
1282,225460.0,228435.0,0.0
1283,225460.0,172883.0,0.0
1284,225460.0,226943.0,0.0
1285,225460.0,162546.0,0.0
1286,225460.0,258850.0,0.0
1287,225460.0,258851.0,0.0
1288,225460.0,178641.0,0.0
1289,225460.0,178642.0,0.0
1290,225460.0,162738.0,0.0
1291,225460.0,172884.0,0.0
1292,225460.0,162739.0,0.0
1293,225460.0,178643.0,0.0
1294,225460.0,225458.0,0.0
1295,225460.0,225459.0,0.0
1296,225460.0,225460.0,0.0
1297,225460.0,258852.0,0.0
1298,225460.0,163284.0,0.0
1299,225460.0,257772.0,0.0
1300,225460.0,167145.0,0.0
1301,225460.0,163286.0,0.0
1302,225460.0,178645.0,0.0
1303,225460.0,176858.0,0.06871371373076945
1304,225460.0,172920.0,0.07591573162692355
1305,225460.0,172885.0,0.080547622713661
1306,225460.0,162551.0,0.07402734053187077
1307,225460.0,256210.0,0.07402734053187077
1308,225460.0,255516.0,0.052683613948063875
1309,225460.0,162744.0,0.0684152046088692
1310,225460.0,258861.0,0.0684152046088692
1311,225460.0,264985.0,0.06545123170506477
1312,225460.0,162745.0,0.0
1313,225460.0,162746.0,0.0
1314,225460.0,258862.0,0.0
1315,225460.0,162552.0,0.0
1316,225460.0,258863.0,0.0710034298819523
1317,225460.0,163471.0,0.06887731852693284
1318,225460.0,173214.0,0.07580547206151537
1319,225460.0,255915.0,0.14503081210135016
1320,225460.0,254310.0,0.1508789463138588
1321,225460.0,178581.0,0.18319906636069028
1322,225460.0,163472.0,0.16654446450651492
1323,225460.0,254999.0,0.14436861564211545
1324,225460.0,258864.0,0.14776176154722187
1325,225460.0,257387.0,0.17075351982508702
1326,225460.0,225465.0,0.1693641896982875
1327,225460.0,228316.0,0.1693641896982875
1328,225460.0,255517.0,0.17439065577987553
1329,225460.0,176188.0,0.1646036034900745
1330,225460.0,162747.0,0.17988778844747721
1331,225460.0,162748.0,0.20450543340122468
1332,225460.0,163473.0,0.20450543340122468
1333,225460.0,162749.0,0.19666675635766287
1334,225460.0,163290.0,0.17697638954923078
1335,225460.0,163474.0,0.17691432023619594
1336,225460.0,163475.0,0.16170486396523476
1337,225460.0,163476.0,0.16458725100424318
1338,225460.0,179506.0,0.1658299393532003
1339,225460.0,179507.0,0.1658299393532003
1340,225460.0,258865.0,0.16709661719371424
1341,225460.0,162553.0,0.13382811989110646
1342,225460.0,163477.0,0.13360730222651418
1343,225460.0,167151.0,0.09811190993303759
1344,225460.0,177013.0,0.0
1345,225460.0,176189.0,0.0
1346,225460.0,177014.0,0.0
1347,225460.0,257771.0,0.0
1348,225460.0,163291.0,0.0
1349,258852.0,256243.0,0.0
1350,258852.0,257144.0,0.0
1351,258852.0,162545.0,0.0
1352,258852.0,254494.0,0.0
1353,258852.0,228435.0,0.0
1354,258852.0,172883.0,0.0
1355,258852.0,226943.0,0.0
1356,258852.0,162546.0,0.0
1357,258852.0,258850.0,0.0
1358,258852.0,258851.0,0.0
1359,258852.0,178641.0,0.0
1360,258852.0,178642.0,0.0
1361,258852.0,162738.0,0.0
1362,258852.0,172884.0,0.0
1363,258852.0,162739.0,0.0
1364,258852.0,178643.0,0.0
1365,258852.0,225458.0,0.0
1366,258852.0,225459.0,0.0
1367,258852.0,225460.0,0.0
1368,258852.0,258852.0,0.0
1369,258852.0,163284.0,0.0
1370,258852.0,257772.0,0.0
1371,258852.0,167145.0,0.0
1372,258852.0,163286.0,0.0
1373,258852.0,178645.0,0.0
1374,258852.0,176858.0,0.070646729952123
1375,258852.0,172920.0,0.07817881712541906
1376,258852.0,172885.0,0.08094413491224214
1377,258852.0,162551.0,0.07641706439715049
1378,258852.0,256210.0,0.07641706439715049
1379,258852.0,255516.0,0.05622536730419617
1380,258852.0,162744.0,0.07150915239240703
1381,258852.0,258861.0,0.07150915239240703
1382,258852.0,264985.0,0.06879249886202181
1383,258852.0,162745.0,0.0
1384,258852.0,162746.0,0.0
1385,258852.0,258862.0,0.0
1386,258852.0,162552.0,0.0
1387,258852.0,258863.0,0.08365473592034141
1388,258852.0,163471.0,0.08122871024091036
1389,258852.0,173214.0,0.08818445833369495
1390,258852.0,255915.0,0.15497837670647713
1391,258852.0,254310.0,0.16096092484436836
1392,258852.0,178581.0,0.19623593310653464
1393,258852.0,163472.0,0.17979037519742566
1394,258852.0,254999.0,0.15745582057340396
1395,258852.0,258864.0,0.1609103593746901
1396,258852.0,257387.0,0.18379257854417558
1397,258852.0,225465.0,0.1821866893759427
1398,258852.0,228316.0,0.1821866893759427
1399,258852.0,255517.0,0.18753852122583725
1400,258852.0,176188.0,0.17743282173580727
1401,258852.0,162747.0,0.19265775567400562
1402,258852.0,162748.0,0.21395322008252415
1403,258852.0,163473.0,0.21395322008252415
1404,258852.0,162749.0,0.20602066694609023
1405,258852.0,163290.0,0.18791770684009354
1406,258852.0,163474.0,0.1870625146836134
1407,258852.0,163475.0,0.17173576958902415
1408,258852.0,163476.0,0.17481773052461375
1409,258852.0,179506.0,0.1761592626731575
1410,258852.0,179507.0,0.1761592626731575
1411,258852.0,258865.0,0.17752193624883422
1412,258852.0,162553.0,0.14265977753112052
1413,258852.0,163477.0,0.1424238494980948
1414,258852.0,167151.0,0.10946672466089943
1415,258852.0,177013.0,0.0
1416,258852.0,176189.0,0.0
1417,258852.0,177014.0,0.0
1418,258852.0,257771.0,0.0
1419,258852.0,163291.0,0.0
1420,163284.0,256243.0,0.0
1421,163284.0,257144.0,0.0
1422,163284.0,162545.0,0.0
1423,163284.0,254494.0,0.0
1424,163284.0,228435.0,0.0
1425,163284.0,172883.0,0.0
1426,163284.0,226943.0,0.0
1427,163284.0,162546.0,0.0
1428,163284.0,258850.0,0.0
1429,163284.0,258851.0,0.0
1430,163284.0,178641.0,0.0
1431,163284.0,178642.0,0.0
1432,163284.0,162738.0,0.0
1433,163284.0,172884.0,0.0
1434,163284.0,162739.0,0.0
1435,163284.0,178643.0,0.0
1436,163284.0,225458.0,0.0
1437,163284.0,225459.0,0.0
1438,163284.0,225460.0,0.0
1439,163284.0,258852.0,0.0
1440,163284.0,163284.0,0.0
1441,163284.0,257772.0,0.0
1442,163284.0,167145.0,0.0
1443,163284.0,163286.0,0.0
1444,163284.0,178645.0,0.0
1445,163284.0,176858.0,0.07119624525889227
1446,163284.0,172920.0,0.07880932158352574
1447,163284.0,172885.0,0.08040938194781863
1448,163284.0,162551.0,0.07714908799713482
1449,163284.0,256210.0,0.07714908799713482
1450,163284.0,255516.0,0.05803701692275489
1451,163284.0,162744.0,0.07273977604912818
1452,163284.0,258861.0,0.07273977604912818
1453,163284.0,264985.0,0.070216975406868
1454,163284.0,162745.0,0.0
1455,163284.0,162746.0,0.0
1456,163284.0,258862.0,0.0
1457,163284.0,162552.0,0.05376029054921132
1458,163284.0,258863.0,0.09172024223897715
1459,163284.0,163471.0,0.08925101787443077
1460,163284.0,173214.0,0.09620857657466461
1461,163284.0,255915.0,0.16221562873445466
1462,163284.0,254310.0,0.16824405224762415
1463,163284.0,178581.0,0.20432041147371074
1464,163284.0,163472.0,0.18783735117545586
1465,163284.0,254999.0,0.16553691616193236
1466,163284.0,258864.0,0.16898370224135273
1467,163284.0,257387.0,0.19187691990896083
1468,163284.0,225465.0,0.19026332799003332
1469,163284.0,228316.0,0.19026332799003332
1470,163284.0,255517.0,0.19561237608241117
1471,163284.0,176188.0,0.18551018551045884
1472,163284.0,162747.0,0.20072862758433546
1473,163284.0,162748.0,0.22094757109239724
1474,163284.0,163473.0,0.22094757109239724
1475,163284.0,162749.0,0.2129811721097567
1476,163284.0,163290.0,0.1954982911333779
1477,163284.0,163474.0,0.19435238564569016
1478,163284.0,163475.0,0.17899093481233605
1479,163284.0,163476.0,0.18214671274473357
1480,163284.0,179506.0,0.18352450299966255
1481,163284.0,179507.0,0.18352450299966255
1482,163284.0,258865.0,0.1849220553349458
1483,163284.0,162553.0,0.14946841287779256
1484,163284.0,163477.0,0.1492266271028604
1485,163284.0,167151.0,0.11722825252535853
1486,163284.0,177013.0,0.0
1487,163284.0,176189.0,0.0
1488,163284.0,177014.0,0.0
1489,163284.0,257771.0,0.0
1490,163284.0,163291.0,0.0
1491,257772.0,256243.0,0.0
1492,257772.0,257144.0,0.0
1493,257772.0,162545.0,0.0
1494,257772.0,254494.0,0.0
1495,257772.0,228435.0,0.0
1496,257772.0,172883.0,0.0
1497,257772.0,226943.0,0.0
1498,257772.0,162546.0,0.0
1499,257772.0,258850.0,0.0
1500,257772.0,258851.0,0.0
1501,257772.0,178641.0,0.0
1502,257772.0,178642.0,0.0
1503,257772.0,162738.0,0.0
1504,257772.0,172884.0,0.0
1505,257772.0,162739.0,0.0
1506,257772.0,178643.0,0.0
1507,257772.0,225458.0,0.0
1508,257772.0,225459.0,0.0
1509,257772.0,225460.0,0.0
1510,257772.0,258852.0,0.0
1511,257772.0,163284.0,0.0
1512,257772.0,257772.0,0.0
1513,257772.0,167145.0,0.0
1514,257772.0,163286.0,0.0
1515,257772.0,178645.0,0.0
1516,257772.0,176858.0,0.07952774487646448
1517,257772.0,172920.0,0.08711348201580103
1518,257772.0,172885.0,0.08919440336519412
1519,257772.0,162551.0,0.08540173633676554
1520,257772.0,256210.0,0.08540173633676554
1521,257772.0,255516.0,0.06565713525662892
1522,257772.0,162744.0,0.08072636979965751
1523,257772.0,258861.0,0.08072636979965751
1524,257772.0,264985.0,0.0780907352668385
1525,257772.0,162745.0,0.0
1526,257772.0,162746.0,0.0
1527,257772.0,258862.0,0.0
1528,257772.0,162552.0,0.05215107986689329
1529,257772.0,258863.0,0.08836400439447151
1530,257772.0,163471.0,0.08545106262059576
1531,257772.0,173214.0,0.09238984667466225
1532,257772.0,255915.0,0.1556939353805461
1533,257772.0,254310.0,0.16179950262608886
1534,257772.0,178581.0,0.20143501544064332
1535,257772.0,163472.0,0.18570292919067943
1536,257772.0,254999.0,0.16285583624757413
1537,257772.0,258864.0,0.1664922851741357
1538,257772.0,257387.0,0.18901421783263664
1539,257772.0,225465.0,0.18688035997634256
1540,257772.0,228316.0,0.18688035997634256
1541,257772.0,255517.0,0.1930798362249305
1542,257772.0,176188.0,0.18214944323862006
1543,257772.0,162747.0,0.19722033805981493
1544,257772.0,162748.0,0.21397116000401228
1545,257772.0,163473.0,0.21397116000401228
1546,257772.0,162749.0,0.20596000759557218
1547,257772.0,163290.0,0.1896714494491817
1548,257772.0,163474.0,0.18789273203590703
1549,257772.0,163475.0,0.17248192005834476
1550,257772.0,163476.0,0.175774320690485
1551,257772.0,179506.0,0.1772228328816697
1552,257772.0,179507.0,0.1772228328816697
1553,257772.0,258865.0,0.17869067762258983
1554,257772.0,162553.0,0.1422972052894063
1555,257772.0,163477.0,0.1420479143640638
1556,257772.0,167151.0,0.11205838764935006
1557,257772.0,177013.0,0.0
1558,257772.0,176189.0,0.0
1559,257772.0,177014.0,0.0
1560,257772.0,257771.0,0.051778771914062736
1561,257772.0,163291.0,0.0
1562,167145.0,256243.0,0.0
1563,167145.0,257144.0,0.0
1564,167145.0,162545.0,0.0
1565,167145.0,254494.0,0.0
1566,167145.0,228435.0,0.0
1567,167145.0,172883.0,0.0
1568,167145.0,226943.0,0.0
1569,167145.0,162546.0,0.0
1570,167145.0,258850.0,0.0
1571,167145.0,258851.0,0.0
1572,167145.0,178641.0,0.0
1573,167145.0,178642.0,0.0
1574,167145.0,162738.0,0.0
1575,167145.0,172884.0,0.0
1576,167145.0,162739.0,0.0
1577,167145.0,178643.0,0.0
1578,167145.0,225458.0,0.0
1579,167145.0,225459.0,0.0
1580,167145.0,225460.0,0.0
1581,167145.0,258852.0,0.0
1582,167145.0,163284.0,0.0
1583,167145.0,257772.0,0.0
1584,167145.0,167145.0,0.0
1585,167145.0,163286.0,0.0
1586,167145.0,178645.0,0.0
1587,167145.0,176858.0,0.08964009487583123
1588,167145.0,172920.0,0.09723679030206385
1589,167145.0,172885.0,0.09730895129945888
1590,167145.0,162551.0,0.09571352816893218
1591,167145.0,256210.0,0.09571352816893218
1592,167145.0,255516.0,0.07788436226332038
1593,167145.0,162744.0,0.09188533401332705
1594,167145.0,258861.0,0.09188533401332705
1595,167145.0,264985.0,0.08957888706661091
1596,167145.0,162745.0,0.0
1597,167145.0,162746.0,0.0
1598,167145.0,258862.0,0.0
1599,167145.0,162552.0,0.070420263759523
1600,167145.0,258863.0,0.10565925233649288
1601,167145.0,163471.0,0.10243598579713918
1602,167145.0,173214.0,0.10931657842117991
1603,167145.0,255915.0,0.1687393651166081
1604,167145.0,254310.0,0.1749648080014085
1605,167145.0,178581.0,0.21878196384568965
1606,167145.0,163472.0,0.20351056492421554
1607,167145.0,254999.0,0.18038351937914684
1608,167145.0,258864.0,0.18412776989579627
1609,167145.0,257387.0,0.20639065893409841
1610,167145.0,225465.0,0.2038776700363053
1611,167145.0,228316.0,0.2038776700363053
1612,167145.0,255517.0,0.21066123469989328
1613,167145.0,176188.0,0.19917161230430597
1614,167145.0,162747.0,0.21410020917340142
1615,167145.0,162748.0,0.22583414635580276
1616,167145.0,163473.0,0.22583414635580276
1617,167145.0,162749.0,0.2177442319757845
1618,167145.0,163290.0,0.20381687450484098
1619,167145.0,163474.0,0.20092717375373223
1620,167145.0,163475.0,0.18547759200284958
1621,167145.0,163476.0,0.1890184287448139
1622,167145.0,179506.0,0.1905927601243492
1623,167145.0,179507.0,0.1905927601243492
1624,167145.0,258865.0,0.19218308748151286
1625,167145.0,162553.0,0.15401843067903015
1626,167145.0,163477.0,0.1537527763290047
1627,167145.0,167151.0,0.12747963459959927
1628,167145.0,177013.0,0.0
1629,167145.0,176189.0,0.06070661442429404
1630,167145.0,177014.0,0.06070661442429404
1631,167145.0,257771.0,0.06966126997227462
1632,167145.0,163291.0,0.0
1633,163286.0,256243.0,0.0
1634,163286.0,257144.0,0.0
1635,163286.0,162545.0,0.0
1636,163286.0,254494.0,0.0
1637,163286.0,228435.0,0.0
1638,163286.0,172883.0,0.0
1639,163286.0,226943.0,0.0
1640,163286.0,162546.0,0.0
1641,163286.0,258850.0,0.0
1642,163286.0,258851.0,0.0
1643,163286.0,178641.0,0.0
1644,163286.0,178642.0,0.0
1645,163286.0,162738.0,0.0
1646,163286.0,172884.0,0.0
1647,163286.0,162739.0,0.0
1648,163286.0,178643.0,0.0
1649,163286.0,225458.0,0.0
1650,163286.0,225459.0,0.0
1651,163286.0,225460.0,0.0
1652,163286.0,258852.0,0.0
1653,163286.0,163284.0,0.0
1654,163286.0,257772.0,0.0
1655,163286.0,167145.0,0.0
1656,163286.0,163286.0,0.0
1657,163286.0,178645.0,0.060533547856276786
1658,163286.0,176858.0,0.05402574408896841
1659,163286.0,172920.0,0.061485475631060695
1660,163286.0,172885.0,0.06060573901411047
1661,163286.0,162551.0,0.06012600852263795
1662,163286.0,256210.0,0.06012600852263795
1663,163286.0,255516.0,0.0
1664,163286.0,162744.0,0.0571283975097699
1665,163286.0,258861.0,0.0571283975097699
1666,163286.0,264985.0,0.055241455172913505
1667,163286.0,162745.0,0.0
1668,163286.0,162746.0,0.0
1669,163286.0,258862.0,0.0
1670,163286.0,162552.0,0.06715759665630083
1671,163286.0,258863.0,0.10668491864050157
1672,163286.0,163471.0,0.10513125280427443
1673,163286.0,173214.0,0.11195793177384485
1674,163286.0,255915.0,0.1823079601541857
1675,163286.0,254310.0,0.18817157895271586
1676,163286.0,178581.0,0.21679456757802257
1677,163286.0,163472.0,0.19875149429966746
1678,163286.0,254999.0,0.17788135305843258
1679,163286.0,258864.0,0.18087458918738158
1680,163286.0,257387.0,0.20438963022969572
1681,163286.0,225465.0,0.20392631954021884
1682,163286.0,228316.0,0.20392631954021884
1683,163286.0,255517.0,0.20736141256709556
1684,163286.0,176188.0,0.19915995363347241
1685,163286.0,162747.0,0.21459242162857217
1686,163286.0,162748.0,0.2416878377717552
1687,163286.0,163473.0,0.2416878377717552
1688,163286.0,162749.0,0.23381813039425905
1689,163286.0,163290.0,0.21415494674463742
1690,163286.0,163474.0,0.2142128740093886
1691,163286.0,163475.0,0.19899432463399386
1692,163286.0,163476.0,0.20188746863441565
1693,163286.0,179506.0,0.20312892584120926
1694,163286.0,179507.0,0.20312892584120926
1695,163286.0,258865.0,0.20439000999954968
1696,163286.0,162553.0,0.1707378811202449
1697,163286.0,163477.0,0.17050947156251192
1698,163286.0,167151.0,0.13517879802904254
1699,163286.0,177013.0,0.0
1700,163286.0,176189.0,0.0
1701,163286.0,177014.0,0.0
1702,163286.0,257771.0,0.054725150229430274
1703,163286.0,163291.0,0.0
1704,178645.0,256243.0,0.05329887134643828
1705,178645.0,257144.0,0.0
1706,178645.0,162545.0,0.0
1707,178645.0,254494.0,0.0
1708,178645.0,228435.0,0.0
1709,178645.0,172883.0,0.0
1710,178645.0,226943.0,0.0
1711,178645.0,162546.0,0.0
1712,178645.0,258850.0,0.0
1713,178645.0,258851.0,0.0
1714,178645.0,178641.0,0.0547944468597501
1715,178645.0,178642.0,0.05496992874583379
1716,178645.0,162738.0,0.06406180490309143
1717,178645.0,172884.0,0.0
1718,178645.0,162739.0,0.0
1719,178645.0,178643.0,0.0
1720,178645.0,225458.0,0.0
1721,178645.0,225459.0,0.0
1722,178645.0,225460.0,0.0
1723,178645.0,258852.0,0.0
1724,178645.0,163284.0,0.0
1725,178645.0,257772.0,0.0
1726,178645.0,167145.0,0.0
1727,178645.0,163286.0,0.060533547856276786
1728,178645.0,178645.0,0.0
1729,178645.0,176858.0,0.11060501493090137
1730,178645.0,172920.0,0.11821299067175285
1731,178645.0,172885.0,0.11968841620234692
1732,178645.0,162551.0,0.11653608978155008
1733,178645.0,256210.0,0.11653608978155008
1734,178645.0,255516.0,0.09696696886562287
1735,178645.0,162744.0,0.11198386465590325
1736,178645.0,258861.0,0.11198386465590325
1737,178645.0,264985.0,0.10937634645914661
1738,178645.0,162745.0,0.0
1739,178645.0,162746.0,0.0
1740,178645.0,258862.0,0.0
1741,178645.0,162552.0,0.07215573817468797
1742,178645.0,258863.0,0.10063899878656389
1743,178645.0,163471.0,0.09648091028317486
1744,178645.0,173214.0,0.10291909848376773
1745,178645.0,255915.0,0.15277482733925618
1746,178645.0,254310.0,0.15910943887247425
1747,178645.0,178581.0,0.2120035127824198
1748,178645.0,163472.0,0.19887104970508723
1749,178645.0,254999.0,0.17470297961571163
1750,178645.0,258864.0,0.1788687652671358
1751,178645.0,257387.0,0.19983163408369164
1752,178645.0,225465.0,0.1959925596478834
1753,178645.0,228316.0,0.1959925596478834
1754,178645.0,255517.0,0.20490180331183885
1755,178645.0,176188.0,0.19141406943789452
1756,178645.0,162747.0,0.20574502750011972
1757,178645.0,162748.0,0.20773364313378098
1758,178645.0,163473.0,0.20773364313378098
1759,178645.0,162749.0,0.19959381194475886
1760,178645.0,163290.0,0.1892805747616791
1761,178645.0,163474.0,0.1846183970359924
1762,178645.0,163475.0,0.16925216884497066
1763,178645.0,163476.0,0.17313607117779578
1764,178645.0,179506.0,0.17489129965516803
1765,178645.0,179507.0,0.17489129965516803
1766,178645.0,258865.0,0.17666051991912632
1767,178645.0,162553.0,0.13638596870496045
1768,178645.0,163477.0,0.136102721807324
1769,178645.0,167151.0,0.11660021913560557
1770,178645.0,177013.0,0.062292892160581426
1771,178645.0,176189.0,0.07551916651262999
1772,178645.0,177014.0,0.07551916651262999
1773,178645.0,257771.0,0.07892518978781272
1774,178645.0,163291.0,0.05082364267270942
1775,176858.0,256243.0,0.059119389531576784
1776,176858.0,257144.0,0.07264352158941477
1777,176858.0,162545.0,0.06877831257139508
1778,176858.0,254494.0,0.06898934445305224
1779,176858.0,228435.0,0.06898934445305224
1780,176858.0,172883.0,0.06947282919889619
1781,176858.0,226943.0,0.06944329575286956
1782,176858.0,162546.0,0.06944329575286956
1783,176858.0,258850.0,0.06863859804945024
1784,176858.0,258851.0,0.06792975145302321
1785,176858.0,178641.0,0.06480680128283763
1786,176858.0,178642.0,0.059997465539670655
1787,176858.0,162738.0,0.0
1788,176858.0,172884.0,0.07426995465931727
1789,176858.0,162739.0,0.07490422641432096
1790,176858.0,178643.0,0.0644583604144156
1791,176858.0,225458.0,0.06585471633674239
1792,176858.0,225459.0,0.06871371373076945
1793,176858.0,225460.0,0.06871371373076945
1794,176858.0,258852.0,0.070646729952123
1795,176858.0,163284.0,0.07119624525889227
1796,176858.0,257772.0,0.07952774487646448
1797,176858.0,167145.0,0.08964009487583123
1798,176858.0,163286.0,0.05402574408896841
1799,176858.0,178645.0,0.11060501493090137
1800,176858.0,176858.0,0.0
1801,176858.0,172920.0,0.0
1802,176858.0,172885.0,0.0
1803,176858.0,162551.0,0.0
1804,176858.0,256210.0,0.0
1805,176858.0,255516.0,0.0
1806,176858.0,162744.0,0.0
1807,176858.0,258861.0,0.0
1808,176858.0,264985.0,0.0
1809,176858.0,162745.0,0.0697475065990015
1810,176858.0,162746.0,0.06990618611603817
1811,176858.0,258862.0,0.07048440089967899
1812,176858.0,162552.0,0.07946291795336728
1813,176858.0,258863.0,0.11279605775930161
1814,176858.0,163471.0,0.11384873582308991
1815,176858.0,173214.0,0.1192822893390878
1816,176858.0,255915.0,0.1969294676134848
1817,176858.0,254310.0,0.20191762030173582
1818,176858.0,178581.0,0.20691047860047398
1819,176858.0,163472.0,0.18578228439675012
1820,176858.0,254999.0,0.16973607956867226
1821,176858.0,258864.0,0.17137988313427177
1822,176858.0,257387.0,0.19517785940696894
1823,176858.0,225465.0,0.19776584334645353
1824,176858.0,228316.0,0.19776584334645353
1825,176858.0,255517.0,0.19605178916827914
1826,176858.0,176188.0,0.1932024784313459
1827,176858.0,162747.0,0.20847836987635546
1828,176858.0,162748.0,0.256689491797233
1829,176858.0,163473.0,0.256689491797233
1830,176858.0,162749.0,0.2494357526399002
1831,176858.0,163290.0,0.22236851731233137
1832,176858.0,163474.0,0.22665647928234725
1833,176858.0,163475.0,0.2125503670923544
1834,176858.0,163476.0,0.21436563757294075
1835,176858.0,179506.0,0.21506611324232122
1836,176858.0,179507.0,0.21506611324232122
1837,176858.0,258865.0,0.21579004790312126
1838,176858.0,162553.0,0.19048095926406702
1839,176858.0,163477.0,0.19031886711748952
1840,176858.0,167151.0,0.1459247792503406
1841,176858.0,177013.0,0.05259444174041984
1842,176858.0,176189.0,0.0
1843,176858.0,177014.0,0.0
1844,176858.0,257771.0,0.05720942646941109
1845,176858.0,163291.0,0.06158853043560257
1846,172920.0,256243.0,0.06656171133915148
1847,172920.0,257144.0,0.08013462924564671
1848,172920.0,162545.0,0.07624622945560083
1849,172920.0,254494.0,0.07646329173240966
1850,172920.0,228435.0,0.07646329173240966
1851,172920.0,172883.0,0.07697011753483662
1852,172920.0,226943.0,0.07693478146541342
1853,172920.0,162546.0,0.07693478146541342
1854,172920.0,258850.0,0.07615443103474377
1855,172920.0,258851.0,0.0754524587058108
1856,172920.0,178641.0,0.07184147996061695
1857,172920.0,178642.0,0.06726592121943066
1858,172920.0,162738.0,0.05487360968699096
1859,172920.0,172884.0,0.08187376800792637
1860,172920.0,162739.0,0.08234907190356838
1861,172920.0,178643.0,0.07181664970907842
1862,172920.0,225458.0,0.07328563825727272
1863,172920.0,225459.0,0.07591573162692355
1864,172920.0,225460.0,0.07591573162692355
1865,172920.0,258852.0,0.07817881712541906
1866,172920.0,163284.0,0.07880932158352574
1867,172920.0,257772.0,0.08711348201580103
1868,172920.0,167145.0,0.09723679030206385
1869,172920.0,163286.0,0.061485475631060695
1870,172920.0,178645.0,0.11821299067175285
1871,172920.0,176858.0,0.0
1872,172920.0,172920.0,0.0
1873,172920.0,172885.0,0.0
1874,172920.0,162551.0,0.0
1875,172920.0,256210.0,0.0
1876,172920.0,255516.0,0.0
1877,172920.0,162744.0,0.0
1878,172920.0,258861.0,0.0
1879,172920.0,264985.0,0.0
1880,172920.0,162745.0,0.0773041392853179
1881,172920.0,162746.0,0.0771990212637518
1882,172920.0,258862.0,0.07775865545164821
1883,172920.0,162552.0,0.08510647468510643
1884,172920.0,258863.0,0.1171265807700999
1885,172920.0,163471.0,0.1184574039126439
1886,172920.0,173214.0,0.12365842803188137
1887,172920.0,255915.0,0.20150634639407267
1888,172920.0,254310.0,0.20637225620534744
1889,172920.0,178581.0,0.2082828167875269
1890,172920.0,163472.0,0.18682196323374167
1891,172920.0,254999.0,0.17159381485569083
1892,172920.0,258864.0,0.17303134624099836
1893,172920.0,257387.0,0.19671224117454353
1894,172920.0,225465.0,0.19971868696536074
1895,172920.0,228316.0,0.19971868696536074
1896,172920.0,255517.0,0.19727543263915445
1897,172920.0,176188.0,0.19521021835526312
1898,172920.0,162747.0,0.21037987586603693
1899,172920.0,162748.0,0.2610926457833862
1900,172920.0,163473.0,0.2610926457833862
1901,172920.0,162749.0,0.25393077888712895
1902,172920.0,163290.0,0.2260807879750717
1903,172920.0,163474.0,0.23085852627141168
1904,172920.0,163475.0,0.21693706781325586
1905,172920.0,163476.0,0.21862002637759212
1906,172920.0,179506.0,0.2192543735439468
1907,172920.0,179507.0,0.2192543735439468
1908,172920.0,258865.0,0.2199121413875089
1909,172920.0,162553.0,0.19564500335555213
1910,172920.0,163477.0,0.1954906097113915
1911,172920.0,167151.0,0.1503959063611544
1912,172920.0,177013.0,0.05979105016306194
1913,172920.0,176189.0,0.0
1914,172920.0,177014.0,0.0
1915,172920.0,257771.0,0.06271985937477743
1916,172920.0,163291.0,0.06904184772853664
1917,172885.0,256243.0,0.07011001775543826
1918,172885.0,257144.0,0.08322065606917843
1919,172885.0,162545.0,0.07953155537180692
1920,172885.0,254494.0,0.07970496151010285
1921,172885.0,228435.0,0.07970496151010285
1922,172885.0,172883.0,0.0800364731690189
1923,172885.0,226943.0,0.0800454101703729
1924,172885.0,162546.0,0.0800454101703729
1925,172885.0,258850.0,0.07908006999798349
1926,172885.0,258851.0,0.07832641921618877
1927,172885.0,178641.0,0.07710078805067513
1928,172885.0,178642.0,0.07169359094566158
1929,172885.0,162738.0,0.058294741861805166
1930,172885.0,172884.0,0.08368210990307955
1931,172885.0,162739.0,0.08573748228883456
1932,172885.0,178643.0,0.07578321856601336
1933,172885.0,225458.0,0.07683597775142062
1934,172885.0,225459.0,0.080547622713661
1935,172885.0,225460.0,0.080547622713661
1936,172885.0,258852.0,0.08094413491224214
1937,172885.0,163284.0,0.08040938194781863
1938,172885.0,257772.0,0.08919440336519412
1939,172885.0,167145.0,0.09730895129945888
1940,172885.0,163286.0,0.06060573901411047
1941,172885.0,178645.0,0.11968841620234692
1942,172885.0,176858.0,0.0
1943,172885.0,172920.0,0.0
1944,172885.0,172885.0,0.0
1945,172885.0,162551.0,0.0
1946,172885.0,256210.0,0.0
1947,172885.0,255516.0,0.0
1948,172885.0,162744.0,0.0
1949,172885.0,258861.0,0.0
1950,172885.0,264985.0,0.0
1951,172885.0,162745.0,0.07983486258509323
1952,172885.0,162746.0,0.08143664896057563
1953,172885.0,258862.0,0.08207550166119063
1954,172885.0,162552.0,0.09328678660199602
1955,172885.0,258863.0,0.126877483176979
1956,172885.0,163471.0,0.12792657407972646
1957,172885.0,173214.0,0.13336510293691695
1958,172885.0,255915.0,0.2110045974315197
1959,172885.0,254310.0,0.21599929247104827
1960,172885.0,178581.0,0.2197856782636967
1961,172885.0,163472.0,0.19839758470309257
1962,172885.0,254999.0,0.18294077319696564
1963,172885.0,258864.0,0.18444823166099533
1964,172885.0,257387.0,0.20816888326183605
1965,172885.0,225465.0,0.21103591052619391
1966,172885.0,228316.0,0.21103591052619391
1967,172885.0,255517.0,0.20881326205277465
1968,172885.0,176188.0,0.20650566735396012
1969,172885.0,162747.0,0.22171781151875022
1970,172885.0,162748.0,0.2707720169338972
1971,172885.0,163473.0,0.2707720169338972
1972,172885.0,162749.0,0.26351486519623446
1973,172885.0,163290.0,0.23638572574540118
1974,172885.0,163474.0,0.24073597640819028
1975,172885.0,163475.0,0.22663341804830972
1976,172885.0,163476.0,0.22844713205221384
1977,172885.0,179506.0,0.22914464547242672
1978,172885.0,179507.0,0.22914464547242672
1979,172885.0,258865.0,0.2298641994604694
1980,172885.0,162553.0,0.2044427643399947
1981,172885.0,163477.0,0.20427820743822334
1982,172885.0,167151.0,0.16000703576179945
1983,172885.0,177013.0,0.06458495103936657
1984,172885.0,176189.0,0.056285142315567464
1985,172885.0,177014.0,0.056285142315567464
1986,172885.0,257771.0,0.071130437992422
1987,172885.0,163291.0,0.07249369480669059
1988,162551.0,256243.0,0.06475075422504635
1989,162551.0,257144.0,0.078346040231086
1990,162551.0,162545.0,0.0744457243616278
1991,162551.0,254494.0,0.0746658743538461
1992,162551.0,228435.0,0.0746658743538461
1993,162551.0,172883.0,0.07518562948233971
1994,162551.0,226943.0,0.07514691536426345
1995,162551.0,162546.0,0.07514691536426345
1996,162551.0,258850.0,0.07438167000438903
1997,162551.0,258851.0,0.07368445709755607
1998,162551.0,178641.0,0.0699230710788288
1999,162551.0,178642.0,0.06539513235554113
2000,162551.0,162738.0,0.053087765253809434
2001,162551.0,172884.0,0.080191039724426
2002,162551.0,162739.0,0.08053641188813633
2003,162551.0,178643.0,0.06997165863134826
2004,162551.0,225458.0,0.07146821604854918
2005,162551.0,225459.0,0.07402734053187077
2006,162551.0,225460.0,0.07402734053187077
2007,162551.0,258852.0,0.07641706439715049
2008,162551.0,163284.0,0.07714908799713482
2009,162551.0,257772.0,0.08540173633676554
2010,162551.0,167145.0,0.09571352816893218
2011,162551.0,163286.0,0.06012600852263795
2012,162551.0,178645.0,0.11653608978155008
2013,162551.0,176858.0,0.0
2014,162551.0,172920.0,0.0
2015,162551.0,172885.0,0.0
2016,162551.0,162551.0,0.0
2017,162551.0,256210.0,0.0
2018,162551.0,255516.0,0.0
2019,162551.0,162744.0,0.0
2020,162551.0,258861.0,0.0
2021,162551.0,264985.0,0.0
2022,162551.0,162745.0,0.07556249842132932
2023,162551.0,162746.0,0.07533297425989499
2024,162551.0,258862.0,0.07588746248205545
2025,162551.0,162552.0,0.0831436804219813
2026,162551.0,258863.0,0.11526400577444303
2027,162551.0,163471.0,0.11656784266850519
2028,162551.0,173214.0,0.12179203593734025
2029,162551.0,255915.0,0.19962549180050793
2030,162551.0,254310.0,0.20450376230220899
2031,162551.0,178581.0,0.2068648703588234
2032,162551.0,163472.0,0.18546364175813465
2033,162551.0,254999.0,0.17008549798099956
2034,162551.0,258864.0,0.17155916006729177
2035,162551.0,257387.0,0.19526374320360487
2036,162551.0,225465.0,0.1981972946597576
2037,162551.0,228316.0,0.1981972946597576
2038,162551.0,255517.0,0.19588378303038997
2039,162551.0,176188.0,0.19367906364585824
2040,162551.0,162747.0,0.20886825019158545
2041,162551.0,162748.0,0.2592313092547639
2042,162551.0,163473.0,0.2592313092547639
2043,162551.0,162749.0,0.25205979171659276
2044,162551.0,163290.0,0.2242982697100229
2045,162551.0,163474.0,0.2290179253677437
2046,162551.0,163475.0,0.2150760104440483
2047,162551.0,163476.0,0.21677317248928893
2048,162551.0,179506.0,0.21741483935079203
2049,162551.0,179507.0,0.21741483935079203
2050,162551.0,258865.0,0.2180800808235089
2051,162551.0,162553.0,0.19371409622518532
2052,162551.0,163477.0,0.19355914806395838
2053,162551.0,167151.0,0.1485225579393723
2054,162551.0,177013.0,0.05790481030829429
2055,162551.0,176189.0,0.0
2056,162551.0,177014.0,0.0
2057,162551.0,257771.0,0.06076003845878822
2058,162551.0,163291.0,0.06723548663280389
2059,256210.0,256243.0,0.06475075422504635
2060,256210.0,257144.0,0.078346040231086
2061,256210.0,162545.0,0.0744457243616278
2062,256210.0,254494.0,0.0746658743538461
2063,256210.0,228435.0,0.0746658743538461
2064,256210.0,172883.0,0.07518562948233971
2065,256210.0,226943.0,0.07514691536426345
2066,256210.0,162546.0,0.07514691536426345
2067,256210.0,258850.0,0.07438167000438903
2068,256210.0,258851.0,0.07368445709755607
2069,256210.0,178641.0,0.0699230710788288
2070,256210.0,178642.0,0.06539513235554113
2071,256210.0,162738.0,0.053087765253809434
2072,256210.0,172884.0,0.080191039724426
2073,256210.0,162739.0,0.08053641188813633
2074,256210.0,178643.0,0.06997165863134826
2075,256210.0,225458.0,0.07146821604854918
2076,256210.0,225459.0,0.07402734053187077
2077,256210.0,225460.0,0.07402734053187077
2078,256210.0,258852.0,0.07641706439715049
2079,256210.0,163284.0,0.07714908799713482
2080,256210.0,257772.0,0.08540173633676554
2081,256210.0,167145.0,0.09571352816893218
2082,256210.0,163286.0,0.06012600852263795
2083,256210.0,178645.0,0.11653608978155008
2084,256210.0,176858.0,0.0
2085,256210.0,172920.0,0.0
2086,256210.0,172885.0,0.0
2087,256210.0,162551.0,0.0
2088,256210.0,256210.0,0.0
2089,256210.0,255516.0,0.0
2090,256210.0,162744.0,0.0
2091,256210.0,258861.0,0.0
2092,256210.0,264985.0,0.0
2093,256210.0,162745.0,0.07556249842132932
2094,256210.0,162746.0,0.07533297425989499
2095,256210.0,258862.0,0.07588746248205545
2096,256210.0,162552.0,0.0831436804219813
2097,256210.0,258863.0,0.11526400577444303
2098,256210.0,163471.0,0.11656784266850519
2099,256210.0,173214.0,0.12179203593734025
2100,256210.0,255915.0,0.19962549180050793
2101,256210.0,254310.0,0.20450376230220899
2102,256210.0,178581.0,0.2068648703588234
2103,256210.0,163472.0,0.18546364175813465
2104,256210.0,254999.0,0.17008549798099956
2105,256210.0,258864.0,0.17155916006729177
2106,256210.0,257387.0,0.19526374320360487
2107,256210.0,225465.0,0.1981972946597576
2108,256210.0,228316.0,0.1981972946597576
2109,256210.0,255517.0,0.19588378303038997
2110,256210.0,176188.0,0.19367906364585824
2111,256210.0,162747.0,0.20886825019158545
2112,256210.0,162748.0,0.2592313092547639
2113,256210.0,163473.0,0.2592313092547639
2114,256210.0,162749.0,0.25205979171659276
2115,256210.0,163290.0,0.2242982697100229
2116,256210.0,163474.0,0.2290179253677437
2117,256210.0,163475.0,0.2150760104440483
2118,256210.0,163476.0,0.21677317248928893
2119,256210.0,179506.0,0.21741483935079203
2120,256210.0,179507.0,0.21741483935079203
2121,256210.0,258865.0,0.2180800808235089
2122,256210.0,162553.0,0.19371409622518532
2123,256210.0,163477.0,0.19355914806395838
2124,256210.0,167151.0,0.1485225579393723
2125,256210.0,177013.0,0.05790481030829429
2126,256210.0,176189.0,0.0
2127,256210.0,177014.0,0.0
2128,256210.0,257771.0,0.06076003845878822
2129,256210.0,163291.0,0.06723548663280389
2130,255516.0,256243.0,0.0
2131,255516.0,257144.0,0.05787124054900882
2132,255516.0,162545.0,0.05387710125880013
2133,255516.0,254494.0,0.054126362433806946
2134,255516.0,228435.0,0.054126362433806946
2135,255516.0,172883.0,0.05477166169996258
2136,255516.0,226943.0,0.0546993255982531
2137,255516.0,162546.0,0.0546993255982531
2138,255516.0,258850.0,0.05409258579778575
2139,255516.0,258851.0,0.05344989426950017
2140,255516.0,178641.0,0.0
2141,255516.0,178642.0,0.0
2142,255516.0,162738.0,0.0
2143,255516.0,172884.0,0.060799159935799464
2144,255516.0,162739.0,0.05981924343922912
2145,255516.0,178643.0,0.0
2146,255516.0,225458.0,0.05075192748332936
2147,255516.0,225459.0,0.052683613948063875
2148,255516.0,225460.0,0.052683613948063875
2149,255516.0,258852.0,0.05622536730419617
2150,255516.0,163284.0,0.05803701692275489
2151,255516.0,257772.0,0.06565713525662892
2152,255516.0,167145.0,0.07788436226332038
2153,255516.0,163286.0,0.0
2154,255516.0,178645.0,0.09696696886562287
2155,255516.0,176858.0,0.0
2156,255516.0,172920.0,0.0
2157,255516.0,172885.0,0.0
2158,255516.0,162551.0,0.0
2159,255516.0,256210.0,0.0
2160,255516.0,255516.0,0.0
2161,255516.0,162744.0,0.0
2162,255516.0,258861.0,0.0
2163,255516.0,264985.0,0.0
2164,255516.0,162745.0,0.05558719574852613
2165,255516.0,162746.0,0.054161144948553654
2166,255516.0,258862.0,0.05467237425324314
2167,255516.0,162552.0,0.06251382045252046
2168,255516.0,258863.0,0.09683432221948432
2169,255516.0,163471.0,0.09760196970680857
2170,255516.0,173214.0,0.10325297419773843
2171,255516.0,255915.0,0.1805959320901419
2172,255516.0,254310.0,0.18568882047228774
2173,255516.0,178581.0,0.19476128873353252
2174,255516.0,163472.0,0.17426694788831248
2175,255516.0,254999.0,0.15692149145752216
2176,255516.0,258864.0,0.1588921542095171
2177,255516.0,257387.0,0.18279714110518755
2178,255516.0,225465.0,0.1847099543300772
2179,255516.0,228316.0,0.1847099543300772
2180,255516.0,255517.0,0.1841849568517353
2181,255516.0,176188.0,0.18007410828194695
2182,255516.0,162747.0,0.19547452867565127
2183,255516.0,162748.0,0.24047292683450236
2184,255516.0,163473.0,0.24047292683450236
2185,255516.0,162749.0,0.23314144637646542
2186,255516.0,163290.0,0.20688196233275366
2187,255516.0,163474.0,0.21064746168887258
2188,255516.0,163475.0,0.19637571043532143
2189,255516.0,163476.0,0.1983151423361141
2190,255516.0,179506.0,0.1990799644865513
2191,255516.0,179507.0,0.1990799644865513
2192,255516.0,258865.0,0.19986964258173737
2193,255516.0,162553.0,0.17371203329145068
2194,255516.0,163477.0,0.17354527274884823
2195,255516.0,167151.0,0.1297442359745001
2196,255516.0,177013.0,0.0
2197,255516.0,176189.0,0.0
2198,255516.0,177014.0,0.0
2199,255516.0,257771.0,0.0
2200,255516.0,163291.0,0.0
2201,162744.0,256243.0,0.059608341487967446
2202,162744.0,257144.0,0.07329477184422754
2203,162744.0,162545.0,0.06933846577019497
2204,162744.0,254494.0,0.0695747232121681
2205,162744.0,228435.0,0.0695747232121681
2206,162744.0,172883.0,0.07016203090214976
2207,162744.0,226943.0,0.07010557576739301
2208,162744.0,162546.0,0.07010557576739301
2209,162744.0,258850.0,0.06942113100436889
2210,162744.0,258851.0,0.0687501604656532
2211,162744.0,178641.0,0.0641170252422438
2212,162744.0,178642.0,0.05990580961503841
2213,162744.0,162738.0,0.0
2214,162744.0,172884.0,0.07566692076531177
2215,162744.0,162739.0,0.07535289743464754
2216,162744.0,178643.0,0.0646262322735906
2217,162744.0,225458.0,0.06627493494255407
2218,162744.0,225459.0,0.0684152046088692
2219,162744.0,225460.0,0.0684152046088692
2220,162744.0,258852.0,0.07150915239240703
2221,162744.0,163284.0,0.07273977604912818
2222,162744.0,257772.0,0.08072636979965751
2223,162744.0,167145.0,0.09188533401332705
2224,162744.0,163286.0,0.0571283975097699
2225,162744.0,178645.0,0.11198386465590325
2226,162744.0,176858.0,0.0
2227,162744.0,172920.0,0.0
2228,162744.0,172885.0,0.0
2229,162744.0,162551.0,0.0
2230,162744.0,256210.0,0.0
2231,162744.0,255516.0,0.0
2232,162744.0,162744.0,0.0
2233,162744.0,258861.0,0.0
2234,162744.0,264985.0,0.0
2235,162744.0,162745.0,0.07075885359961054
2236,162744.0,162746.0,0.06985552431588214
2237,162744.0,258862.0,0.07037845647993814
2238,162744.0,162552.0,0.07662912240961303
2239,162744.0,258863.0,0.10874075080449079
2240,162744.0,163471.0,0.11001621221001455
2241,162744.0,173214.0,0.11526395536096667
2242,162744.0,255915.0,0.1930806936387205
2243,162744.0,254310.0,0.19797166231034563
2244,162744.0,178581.0,0.20128392424473648
2245,162744.0,163472.0,0.1800431331442653
2246,162744.0,254999.0,0.16428454343799104
2247,162744.0,258864.0,0.16584815202727501
2248,162744.0,257387.0,0.18960716496792934
2249,162744.0,225465.0,0.1923585853110159
2250,162744.0,228316.0,0.1923585853110159
2251,162744.0,255517.0,0.19037320570945063
2252,162744.0,176188.0,0.18781735299649724
2253,162744.0,162747.0,0.20305170358934496
2254,162744.0,162748.0,0.2527068672844666
2255,162744.0,163473.0,0.2527068672844666
2256,162744.0,162749.0,0.24552456787929713
2257,162744.0,163290.0,0.21789256347397953
2258,162744.0,163474.0,0.22252037894753535
2259,162744.0,163475.0,0.20855233251238586
2260,162744.0,163476.0,0.21026736186182343
2261,162744.0,179506.0,0.21091896156066534
2262,162744.0,179507.0,0.21091896156066534
2263,162744.0,258865.0,0.21159479776017853
2264,162744.0,162553.0,0.18714697341909978
2265,162744.0,163477.0,0.18699219542855214
2266,162744.0,167151.0,0.1419859831202153
2267,162744.0,177013.0,0.05233463823709742
2268,162744.0,176189.0,0.0
2269,162744.0,177014.0,0.0
2270,162744.0,257771.0,0.0542348479618605
2271,162744.0,163291.0,0.06211214353855883
2272,258861.0,256243.0,0.059608341487967446
2273,258861.0,257144.0,0.07329477184422754
2274,258861.0,162545.0,0.06933846577019497
2275,258861.0,254494.0,0.0695747232121681
2276,258861.0,228435.0,0.0695747232121681
2277,258861.0,172883.0,0.07016203090214976
2278,258861.0,226943.0,0.07010557576739301
2279,258861.0,162546.0,0.07010557576739301
2280,258861.0,258850.0,0.06942113100436889
2281,258861.0,258851.0,0.0687501604656532
2282,258861.0,178641.0,0.0641170252422438
2283,258861.0,178642.0,0.05990580961503841
2284,258861.0,162738.0,0.0
2285,258861.0,172884.0,0.07566692076531177
2286,258861.0,162739.0,0.07535289743464754
2287,258861.0,178643.0,0.0646262322735906
2288,258861.0,225458.0,0.06627493494255407
2289,258861.0,225459.0,0.0684152046088692
2290,258861.0,225460.0,0.0684152046088692
2291,258861.0,258852.0,0.07150915239240703
2292,258861.0,163284.0,0.07273977604912818
2293,258861.0,257772.0,0.08072636979965751
2294,258861.0,167145.0,0.09188533401332705
2295,258861.0,163286.0,0.0571283975097699
2296,258861.0,178645.0,0.11198386465590325
2297,258861.0,176858.0,0.0
2298,258861.0,172920.0,0.0
2299,258861.0,172885.0,0.0
2300,258861.0,162551.0,0.0
2301,258861.0,256210.0,0.0
2302,258861.0,255516.0,0.0
2303,258861.0,162744.0,0.0
2304,258861.0,258861.0,0.0
2305,258861.0,264985.0,0.0
2306,258861.0,162745.0,0.07075885359961054
2307,258861.0,162746.0,0.06985552431588214
2308,258861.0,258862.0,0.07037845647993814
2309,258861.0,162552.0,0.07662912240961303
2310,258861.0,258863.0,0.10874075080449079
2311,258861.0,163471.0,0.11001621221001455
2312,258861.0,173214.0,0.11526395536096667
2313,258861.0,255915.0,0.1930806936387205
2314,258861.0,254310.0,0.19797166231034563
2315,258861.0,178581.0,0.20128392424473648
2316,258861.0,163472.0,0.1800431331442653
2317,258861.0,254999.0,0.16428454343799104
2318,258861.0,258864.0,0.16584815202727501
2319,258861.0,257387.0,0.18960716496792934
2320,258861.0,225465.0,0.1923585853110159
2321,258861.0,228316.0,0.1923585853110159
2322,258861.0,255517.0,0.19037320570945063
2323,258861.0,176188.0,0.18781735299649724
2324,258861.0,162747.0,0.20305170358934496
2325,258861.0,162748.0,0.2527068672844666
2326,258861.0,163473.0,0.2527068672844666
2327,258861.0,162749.0,0.24552456787929713
2328,258861.0,163290.0,0.21789256347397953
2329,258861.0,163474.0,0.22252037894753535
2330,258861.0,163475.0,0.20855233251238586
2331,258861.0,163476.0,0.21026736186182343
2332,258861.0,179506.0,0.21091896156066534
2333,258861.0,179507.0,0.21091896156066534
2334,258861.0,258865.0,0.21159479776017853
2335,258861.0,162553.0,0.18714697341909978
2336,258861.0,163477.0,0.18699219542855214
2337,258861.0,167151.0,0.1419859831202153
2338,258861.0,177013.0,0.05233463823709742
2339,258861.0,176189.0,0.0
2340,258861.0,177014.0,0.0
2341,258861.0,257771.0,0.0542348479618605
2342,258861.0,163291.0,0.06211214353855883
2343,264985.0,256243.0,0.056815347368566096
2344,264985.0,257144.0,0.07052293546408614
2345,264985.0,162545.0,0.0665491598958674
2346,264985.0,254494.0,0.06679115889420033
2347,264985.0,228435.0,0.06679115889420033
2348,264985.0,172883.0,0.06740304198987296
2349,264985.0,226943.0,0.06734002409441998
2350,264985.0,162546.0,0.06734002409441998
2351,264985.0,258850.0,0.06668648559228692
2352,264985.0,258851.0,0.06602609098881865
2353,264985.0,178641.0,0.06109512676480164
2354,264985.0,178642.0,0.05698784857031871
2355,264985.0,162738.0,0.0
2356,264985.0,172884.0,0.0730950900529642
2357,264985.0,162739.0,0.0725314303073518
2358,264985.0,178643.0,0.061754737695966386
2359,264985.0,225458.0,0.06345669538421941
2360,264985.0,225459.0,0.06545123170506477
2361,264985.0,225460.0,0.06545123170506477
2362,264985.0,258852.0,0.06879249886202181
2363,264985.0,163284.0,0.070216975406868
2364,264985.0,257772.0,0.0780907352668385
2365,264985.0,167145.0,0.08957888706661091
2366,264985.0,163286.0,0.055241455172913505
2367,264985.0,178645.0,0.10937634645914661
2368,264985.0,176858.0,0.0
2369,264985.0,172920.0,0.0
2370,264985.0,172885.0,0.0
2371,264985.0,162551.0,0.0
2372,264985.0,256210.0,0.0
2373,264985.0,255516.0,0.0
2374,264985.0,162744.0,0.0
2375,264985.0,258861.0,0.0
2376,264985.0,264985.0,0.0
2377,264985.0,162745.0,0.0680827957384643
2378,264985.0,162746.0,0.06693508225670894
2379,264985.0,258862.0,0.0674471864391351
2380,264985.0,162552.0,0.07351128980787978
2381,264985.0,258863.0,0.10581480966740137
2382,264985.0,163471.0,0.10703910867630011
2383,264985.0,173214.0,0.11232988566012121
2384,264985.0,255915.0,0.19011454134877495
2385,264985.0,254310.0,0.19502750822018713
2386,264985.0,178581.0,0.19912836969811243
2387,264985.0,163472.0,0.17799794657637166
2388,264985.0,254999.0,0.161984083651236
2389,264985.0,258864.0,0.16361049603293523
2390,264985.0,257387.0,0.18740237279817262
2391,264985.0,225465.0,0.19002642018613947
2392,264985.0,228316.0,0.19002642018613947
2393,264985.0,255517.0,0.18826651959410268
2394,264985.0,176188.0,0.18546940279800347
2395,264985.0,162747.0,0.20073379039378106
2396,264985.0,162748.0,0.24977352828240046
2397,264985.0,163473.0,0.24977352828240046
2398,264985.0,162749.0,0.24257437216286895
2399,264985.0,163290.0,0.21509975852027627
2400,264985.0,163474.0,0.2196247914788813
2401,264985.0,163475.0,0.20562102224036888
2402,264985.0,163476.0,0.20736126642833108
2403,264985.0,179506.0,0.20802584039602798
2404,264985.0,179507.0,0.20802584039602798
2405,264985.0,258865.0,0.20871490348437244
2406,264985.0,162553.0,0.1840901387983311
2407,264985.0,163477.0,0.18393434441794274
2408,264985.0,167151.0,0.13903625591206956
2409,264985.0,177013.0,0.0
2410,264985.0,176189.0,0.0
2411,264985.0,177014.0,0.0
2412,264985.0,257771.0,0.051122037324538655
2413,264985.0,163291.0,0.05932358446397904
2414,162745.0,256243.0,0.0
2415,162745.0,257144.0,0.0
2416,162745.0,162545.0,0.0
2417,162745.0,254494.0,0.0
2418,162745.0,228435.0,0.0
2419,162745.0,172883.0,0.0
2420,162745.0,226943.0,0.0
2421,162745.0,162546.0,0.0
2422,162745.0,258850.0,0.0
2423,162745.0,258851.0,0.0
2424,162745.0,178641.0,0.0
2425,162745.0,178642.0,0.0
2426,162745.0,162738.0,0.0
2427,162745.0,172884.0,0.0
2428,162745.0,162739.0,0.0
2429,162745.0,178643.0,0.0
2430,162745.0,225458.0,0.0
2431,162745.0,225459.0,0.0
2432,162745.0,225460.0,0.0
2433,162745.0,258852.0,0.0
2434,162745.0,163284.0,0.0
2435,162745.0,257772.0,0.0
2436,162745.0,167145.0,0.0
2437,162745.0,163286.0,0.0
2438,162745.0,178645.0,0.0
2439,162745.0,176858.0,0.0697475065990015
2440,162745.0,172920.0,0.0773041392853179
2441,162745.0,172885.0,0.07983486258509323
2442,162745.0,162551.0,0.07556249842132932
2443,162745.0,256210.0,0.07556249842132932
2444,162745.0,255516.0,0.05558719574852613
2445,162745.0,162744.0,0.07075885359961054
2446,162745.0,258861.0,0.07075885359961054
2447,162745.0,264985.0,0.0680827957384643
2448,162745.0,162745.0,0.0
2449,162745.0,162746.0,0.0
2450,162745.0,258862.0,0.0
2451,162745.0,162552.0,0.0
2452,162745.0,258863.0,0.0853869211885357
2453,162745.0,163471.0,0.08300414919355568
2454,162745.0,173214.0,0.08995800803589721
2455,162745.0,255915.0,0.15688713351931263
2456,162745.0,254310.0,0.16286849177576174
2457,162745.0,178581.0,0.197889412943895
2458,162745.0,163472.0,0.18135660758471073
2459,162745.0,254999.0,0.15909156433774602
2460,162745.0,258864.0,0.1625232277401076
2461,162745.0,257387.0,0.1854450284001371
2462,162745.0,225465.0,0.1838952191167702
2463,162745.0,228316.0,0.1838952191167702
2464,162745.0,255517.0,0.1891523533029259
2465,162745.0,176188.0,0.1791396936643496
2466,162745.0,162747.0,0.19437770247209696
2467,162745.0,162748.0,0.21586300053764065
2468,162745.0,163473.0,0.21586300053764065
2469,162745.0,162749.0,0.20793001234575456
2470,162745.0,163290.0,0.18980655367295485
2471,162745.0,163474.0,0.18896971936029233
2472,162745.0,163475.0,0.17364402481693145
2473,162745.0,163476.0,0.1767236592868598
2474,162745.0,179506.0,0.17806366949440525
2475,162745.0,179507.0,0.17806366949440525
2476,162745.0,258865.0,0.1794246196676327
2477,162745.0,162553.0,0.14456517550422077
2478,162745.0,163477.0,0.14432905709974347
2479,162745.0,167151.0,0.11133209506000023
2480,162745.0,177013.0,0.0
2481,162745.0,176189.0,0.0
2482,162745.0,177014.0,0.0
2483,162745.0,257771.0,0.0
2484,162745.0,163291.0,0.0
2485,162746.0,256243.0,0.0
2486,162746.0,257144.0,0.0
2487,162746.0,162545.0,0.0
2488,162746.0,254494.0,0.0
2489,162746.0,228435.0,0.0
2490,162746.0,172883.0,0.0
2491,162746.0,226943.0,0.0
2492,162746.0,162546.0,0.0
2493,162746.0,258850.0,0.0
2494,162746.0,258851.0,0.0
2495,162746.0,178641.0,0.0
2496,162746.0,178642.0,0.0
2497,162746.0,162738.0,0.0
2498,162746.0,172884.0,0.0
2499,162746.0,162739.0,0.0
2500,162746.0,178643.0,0.0
2501,162746.0,225458.0,0.0
2502,162746.0,225459.0,0.0
2503,162746.0,225460.0,0.0
2504,162746.0,258852.0,0.0
2505,162746.0,163284.0,0.0
2506,162746.0,257772.0,0.0
2507,162746.0,167145.0,0.0
2508,162746.0,163286.0,0.0
2509,162746.0,178645.0,0.0
2510,162746.0,176858.0,0.06990618611603817
2511,162746.0,172920.0,0.0771990212637518
2512,162746.0,172885.0,0.08143664896057563
2513,162746.0,162551.0,0.07533297425989499
2514,162746.0,256210.0,0.07533297425989499
2515,162746.0,255516.0,0.054161144948553654
2516,162746.0,162744.0,0.06985552431588214
2517,162746.0,258861.0,0.06985552431588214
2518,162746.0,264985.0,0.06693508225670894
2519,162746.0,162745.0,0.0
2520,162746.0,162746.0,0.0
2521,162746.0,258862.0,0.0
2522,162746.0,162552.0,0.0
2523,162746.0,258863.0,0.07340755075223654
2524,162746.0,163471.0,0.07114466636741787
2525,162746.0,173214.0,0.078088387140189
2526,162746.0,255915.0,0.14647739875292826
2527,162746.0,254310.0,0.15236982057191728
2528,162746.0,178581.0,0.1858125323158568
2529,162746.0,163472.0,0.16929358971530922
2530,162746.0,254999.0,0.1470099981122716
2531,162746.0,258864.0,0.15044146571658035
2532,162746.0,257387.0,0.17336783067155587
2533,162746.0,225465.0,0.17186535030169536
2534,162746.0,228316.0,0.17186535030169536
2535,162746.0,255517.0,0.17707051642400018
2536,162746.0,176188.0,0.16710776742838127
2537,162746.0,162747.0,0.18236429215169067
2538,162746.0,162748.0,0.20581608287067477
2539,162746.0,163473.0,0.20581608287067477
2540,162746.0,162749.0,0.19794754878348025
2541,162746.0,163290.0,0.1787528389314766
2542,162746.0,163474.0,0.1784335999814905
2543,162746.0,163475.0,0.16318318231218726
2544,162746.0,163476.0,0.1661292936970787
2545,162746.0,179506.0,0.1674037818575932
2546,162746.0,179507.0,0.1674037818575932
2547,162746.0,258865.0,0.16870155670456186
2548,162746.0,162553.0,0.13493152166289912
2549,162746.0,163477.0,0.13470613863910047
2550,162746.0,167151.0,0.10000607623709963
2551,162746.0,177013.0,0.0
2552,162746.0,176189.0,0.0
2553,162746.0,177014.0,0.0
2554,162746.0,257771.0,0.0
2555,162746.0,163291.0,0.0
2556,258862.0,256243.0,0.0
2557,258862.0,257144.0,0.0
2558,258862.0,162545.0,0.0
2559,258862.0,254494.0,0.0
2560,258862.0,228435.0,0.0
2561,258862.0,172883.0,0.0
2562,258862.0,226943.0,0.0
2563,258862.0,162546.0,0.0
2564,258862.0,258850.0,0.0
2565,258862.0,258851.0,0.0
2566,258862.0,178641.0,0.0
2567,258862.0,178642.0,0.0
2568,258862.0,162738.0,0.0
2569,258862.0,172884.0,0.0
2570,258862.0,162739.0,0.0
2571,258862.0,178643.0,0.0
2572,258862.0,225458.0,0.0
2573,258862.0,225459.0,0.0
2574,258862.0,225460.0,0.0
2575,258862.0,258852.0,0.0
2576,258862.0,163284.0,0.0
2577,258862.0,257772.0,0.0
2578,258862.0,167145.0,0.0
2579,258862.0,163286.0,0.0
2580,258862.0,178645.0,0.0
2581,258862.0,176858.0,0.07048440089967899
2582,258862.0,172920.0,0.07775865545164821
2583,258862.0,172885.0,0.08207550166119063
2584,258862.0,162551.0,0.07588746248205545
2585,258862.0,256210.0,0.07588746248205545
2586,258862.0,255516.0,0.05467237425324314
2587,258862.0,162744.0,0.07037845647993814
2588,258862.0,258861.0,0.07037845647993814
2589,258862.0,264985.0,0.0674471864391351
2590,258862.0,162745.0,0.0
2591,258862.0,162746.0,0.0
2592,258862.0,258862.0,0.0
2593,258862.0,162552.0,0.0
2594,258862.0,258863.0,0.07268374385396141
2595,258862.0,163471.0,0.07039449740901726
2596,258862.0,173214.0,0.07734039862845893
2597,258862.0,255915.0,0.14564704220586763
2598,258862.0,254310.0,0.15154100908644083
2599,258862.0,178581.0,0.18513789374541068
2600,258862.0,163472.0,0.16866627079288002
2601,258862.0,254999.0,0.1463447843970453
2602,258862.0,258864.0,0.149788861808448
2603,258862.0,257387.0,0.1726936505082743
2604,258862.0,225465.0,0.17116009832672655
2605,258862.0,228316.0,0.17116009832672655
2606,258862.0,255517.0,0.17641743404710084
2607,258862.0,176188.0,0.16640334912975854
2608,258862.0,162747.0,0.18165285392291436
2609,258862.0,162748.0,0.2049821637886145
2610,258862.0,163473.0,0.2049821637886145
2611,258862.0,162749.0,0.19711319016760984
2612,258862.0,163290.0,0.17794002005917153
2613,258862.0,163474.0,0.17760577677520423
2614,258862.0,163475.0,0.162353838614365
2615,258862.0,163476.0,0.16530251410362928
2616,258862.0,179506.0,0.16657847124652944
2617,258862.0,179507.0,0.16657847124652944
2618,258862.0,258865.0,0.16787780703168165
2619,258862.0,162553.0,0.13409638728624124
2620,258862.0,163477.0,0.13387102353031055
2621,258862.0,167151.0,0.09920469899810333
2622,258862.0,177013.0,0.0
2623,258862.0,176189.0,0.0
2624,258862.0,177014.0,0.0
2625,258862.0,257771.0,0.0
2626,258862.0,163291.0,0.0
2627,162552.0,256243.0,0.0
2628,162552.0,257144.0,0.0
2629,162552.0,162545.0,0.0
2630,162552.0,254494.0,0.0
2631,162552.0,228435.0,0.0
2632,162552.0,172883.0,0.0
2633,162552.0,226943.0,0.0
2634,162552.0,162546.0,0.0
2635,162552.0,258850.0,0.0
2636,162552.0,258851.0,0.0
2637,162552.0,178641.0,0.0
2638,162552.0,178642.0,0.0
2639,162552.0,162738.0,0.0
2640,162552.0,172884.0,0.05285786169781164
2641,162552.0,162739.0,0.0
2642,162552.0,178643.0,0.0
2643,162552.0,225458.0,0.0
2644,162552.0,225459.0,0.0
2645,162552.0,225460.0,0.0
2646,162552.0,258852.0,0.0
2647,162552.0,163284.0,0.05376029054921132
2648,162552.0,257772.0,0.05215107986689329
2649,162552.0,167145.0,0.070420263759523
2650,162552.0,163286.0,0.06715759665630083
2651,162552.0,178645.0,0.07215573817468797
2652,162552.0,176858.0,0.07946291795336728
2653,162552.0,172920.0,0.08510647468510643
2654,162552.0,172885.0,0.09328678660199602
2655,162552.0,162551.0,0.0831436804219813
2656,162552.0,256210.0,0.0831436804219813
2657,162552.0,255516.0,0.06251382045252046
2658,162552.0,162744.0,0.07662912240961303
2659,162552.0,258861.0,0.07662912240961303
2660,162552.0,264985.0,0.07351128980787978
2661,162552.0,162745.0,0.0
2662,162552.0,162746.0,0.0
2663,162552.0,258862.0,0.0
2664,162552.0,162552.0,0.0
2665,162552.0,258863.0,0.0
2666,162552.0,163471.0,0.0
2667,162552.0,173214.0,0.0
2668,162552.0,255915.0,0.11944707755370454
2669,162552.0,254310.0,0.12486716757736835
2670,162552.0,178581.0,0.1507845509430064
2671,162552.0,163472.0,0.13407750903303617
2672,162552.0,254999.0,0.11192264044116328
2673,162552.0,258864.0,0.11528286723772821
2674,162552.0,257387.0,0.13833964509364274
2675,162552.0,225465.0,0.13720146046557022
2676,162552.0,228316.0,0.13720146046557022
2677,162552.0,255517.0,0.14191083934711565
2678,162552.0,176188.0,0.13243524331733186
2679,162552.0,162747.0,0.147791622660937
2680,162552.0,162748.0,0.17946732518688283
2681,162552.0,163473.0,0.17946732518688283
2682,162552.0,162749.0,0.17192248424023357
2683,162552.0,163290.0,0.14862242554705946
2684,162552.0,163474.0,0.1504401926612308
2685,162552.0,163475.0,0.13567936192713836
2686,162552.0,163476.0,0.13803798892389912
2687,162552.0,179506.0,0.1390264730671813
2688,162552.0,179507.0,0.1390264730671813
2689,162552.0,258865.0,0.14004763160334446
2690,162552.0,162553.0,0.11137363934436995
2691,162552.0,163477.0,0.11119832676190666
2692,162552.0,167151.0,0.06972975298244721
2693,162552.0,177013.0,0.0
2694,162552.0,176189.0,0.0
2695,162552.0,177014.0,0.0
2696,162552.0,257771.0,0.0
2697,162552.0,163291.0,0.0
2698,258863.0,256243.0,0.08115187958894887
2699,258863.0,257144.0,0.08112819957749669
2700,258863.0,162545.0,0.08032574403922668
2701,258863.0,254494.0,0.08058759926702266
2702,258863.0,228435.0,0.08058759926702266
2703,258863.0,172883.0,0.08171825422677961
2704,258863.0,226943.0,0.08141590283383804
2705,258863.0,162546.0,0.08141590283383804
2706,258863.0,258850.0,0.08281975911972586
2707,258863.0,258851.0,0.08328362302459394
2708,258863.0,178641.0,0.0683491252774396
2709,258863.0,178642.0,0.07560056931907948
2710,258863.0,162738.0,0.08632815704370664
2711,258863.0,172884.0,0.0902507892612623
2712,258863.0,162739.0,0.07861766632320256
2713,258863.0,178643.0,0.07684932324302735
2714,258863.0,225458.0,0.07918120552092538
2715,258863.0,225459.0,0.0710034298819523
2716,258863.0,225460.0,0.0710034298819523
2717,258863.0,258852.0,0.08365473592034141
2718,258863.0,163284.0,0.09172024223897715
2719,258863.0,257772.0,0.08836400439447151
2720,258863.0,167145.0,0.10565925233649288
2721,258863.0,163286.0,0.10668491864050157
2722,258863.0,178645.0,0.10063899878656389
2723,258863.0,176858.0,0.11279605775930161
2724,258863.0,172920.0,0.1171265807700999
2725,258863.0,172885.0,0.126877483176979
2726,258863.0,162551.0,0.11526400577444303
2727,258863.0,256210.0,0.11526400577444303
2728,258863.0,255516.0,0.09683432221948432
2729,258863.0,162744.0,0.10874075080449079
2730,258863.0,258861.0,0.10874075080449079
2731,258863.0,264985.0,0.10581480966740137
2732,258863.0,162745.0,0.0853869211885357
2733,258863.0,162746.0,0.07340755075223654
2734,258863.0,258862.0,0.07268374385396141
2735,258863.0,162552.0,0.0
2736,258863.0,258863.0,0.0
2737,258863.0,163471.0,0.0
2738,258863.0,173214.0,0.0
2739,258863.0,255915.0,0.0844895585078035
2740,258863.0,254310.0,0.0892542774611961
2741,258863.0,178581.0,0.11313043901376285
2742,258863.0,163472.0,0.0984326255241465
2743,258863.0,254999.0,0.07479381641842243
2744,258863.0,258864.0,0.07868307821273447
2745,258863.0,257387.0,0.10073253722396618
2746,258863.0,225465.0,0.09858444085443926
2747,258863.0,228316.0,0.09858444085443926
2748,258863.0,255517.0,0.10509844173623535
2749,258863.0,176188.0,0.09384038997233449
2750,258863.0,162747.0,0.10901424162946442
2751,258863.0,162748.0,0.14396731599716467
2752,258863.0,163473.0,0.14396731599716467
2753,258863.0,162749.0,0.1368188921252487
2754,258863.0,163290.0,0.11035681018972879
2755,258863.0,163474.0,0.11386556667208157
2756,258863.0,163475.0,0.09981213735821746
2757,258863.0,163476.0,0.10156965063744323
2758,258863.0,179506.0,0.10228122980414735
2759,258863.0,179507.0,0.10228122980414735
2760,258863.0,258865.0,0.10304179268545362
2761,258863.0,162553.0,0.08085450434622947
2762,258863.0,163477.0,0.08075237684419338
2763,258863.0,167151.0,0.0
2764,258863.0,177013.0,0.07708537850040775
2765,258863.0,176189.0,0.0759702401452369
2766,258863.0,177014.0,0.0759702401452369
2767,258863.0,257771.0,0.05756356782268892
2768,258863.0,163291.0,0.08096946756201483
2769,163471.0,256243.0,0.07946404463290531
2770,163471.0,257144.0,0.07859980144258367
2771,163471.0,162545.0,0.07803690127435813
2772,163471.0,254494.0,0.07828314227455105
2773,163471.0,228435.0,0.07828314227455105
2774,163471.0,172883.0,0.07937428637812088
2775,163471.0,226943.0,0.0790762440597813
2776,163471.0,162546.0,0.0790762440597813
2777,163471.0,258850.0,0.0805167295760105
2778,163471.0,258851.0,0.08101896762912231
2779,163471.0,178641.0,0.06661092060491876
2780,163471.0,178642.0,0.07398924909234596
2781,163471.0,162738.0,0.08529113316229618
2782,163471.0,172884.0,0.08761756632369982
2783,163471.0,162739.0,0.07597033813978409
2784,163471.0,178643.0,0.07489204396782093
2785,163471.0,225458.0,0.07709059714405035
2786,163471.0,225459.0,0.06887731852693284
2787,163471.0,225460.0,0.06887731852693284
2788,163471.0,258852.0,0.08122871024091036
2789,163471.0,163284.0,0.08925101787443077
2790,163471.0,257772.0,0.08545106262059576
2791,163471.0,167145.0,0.10243598579713918
2792,163471.0,163286.0,0.10513125280427443
2793,163471.0,178645.0,0.09648091028317486
2794,163471.0,176858.0,0.11384873582308991
2795,163471.0,172920.0,0.1184574039126439
2796,163471.0,172885.0,0.12792657407972646
2797,163471.0,162551.0,0.11656784266850519
2798,163471.0,256210.0,0.11656784266850519
2799,163471.0,255516.0,0.09760196970680857
2800,163471.0,162744.0,0.11001621221001455
2801,163471.0,258861.0,0.11001621221001455
2802,163471.0,264985.0,0.10703910867630011
2803,163471.0,162745.0,0.08300414919355568
2804,163471.0,162746.0,0.07114466636741787
2805,163471.0,258862.0,0.07039449740901726
2806,163471.0,162552.0,0.0
2807,163471.0,258863.0,0.0
2808,163471.0,163471.0,0.0
2809,163471.0,173214.0,0.0
2810,163471.0,255915.0,0.08308524442697532
2811,163471.0,254310.0,0.08809437881619596
2812,163471.0,178581.0,0.11644610973631819
2813,163471.0,163472.0,0.10240020412717013
2814,163471.0,254999.0,0.07843599875599745
2815,163471.0,258864.0,0.08247489516051054
2816,163471.0,257387.0,0.10409921267686792
2817,163471.0,225465.0,0.10147103201388757
2818,163471.0,228316.0,0.10147103201388757
2819,163471.0,255517.0,0.10872819883005365
2820,163471.0,176188.0,0.09675371680760385
2821,163471.0,162747.0,0.11177307714368565
2822,163471.0,162748.0,0.14287812894718108
2823,163471.0,163473.0,0.14287812894718108
2824,163471.0,162749.0,0.1355891207926244
2825,163471.0,163290.0,0.11044625829962092
2826,163471.0,163474.0,0.11312835204904553
2827,163471.0,163475.0,0.09877385834099836
2828,163471.0,163476.0,0.10076729303460175
2829,163471.0,179506.0,0.1015948773684509
2830,163471.0,179507.0,0.1015948773684509
2831,163471.0,258865.0,0.10246997557608116
2832,163471.0,162553.0,0.07822983877535084
2833,163471.0,163477.0,0.0781108458721612
2834,163471.0,167151.0,0.0
2835,163471.0,177013.0,0.07598290375300115
2836,163471.0,176189.0,0.07579438602206272
2837,163471.0,177014.0,0.07579438602206272
2838,163471.0,257771.0,0.05775716856259559
2839,163471.0,163291.0,0.07912447394785911
2840,173214.0,256243.0,0.08631633729074839
2841,173214.0,257144.0,0.08555816283439514
2842,173214.0,162545.0,0.08498396084998504
2843,173214.0,254494.0,0.08523146179061022
2844,173214.0,228435.0,0.08523146179061022
2845,173214.0,172883.0,0.08632552779830005
2846,173214.0,226943.0,0.08602717018500765
2847,173214.0,162546.0,0.08602717018500765
2848,173214.0,258850.0,0.08746522164691349
2849,173214.0,258851.0,0.08796441870329404
2850,173214.0,178641.0,0.07346936332498807
2851,173214.0,178642.0,0.08082088955869195
2852,173214.0,162738.0,0.09194746002875713
2853,173214.0,172884.0,0.09457526061931885
2854,173214.0,162739.0,0.08292813829939094
2855,173214.0,178643.0,0.08179685006219703
2856,173214.0,225458.0,0.08401615727492924
2857,173214.0,225459.0,0.07580547206151537
2858,173214.0,225460.0,0.07580547206151537
2859,173214.0,258852.0,0.08818445833369495
2860,173214.0,163284.0,0.09620857657466461
2861,173214.0,257772.0,0.09238984667466225
2862,173214.0,167145.0,0.10931657842117991
2863,173214.0,163286.0,0.11195793177384485
2864,173214.0,178645.0,0.10291909848376773
2865,173214.0,176858.0,0.1192822893390878
2866,173214.0,172920.0,0.12365842803188137
2867,173214.0,172885.0,0.13336510293691695
2868,173214.0,162551.0,0.12179203593734025
2869,173214.0,256210.0,0.12179203593734025
2870,173214.0,255516.0,0.10325297419773843
2871,173214.0,162744.0,0.11526395536096667
2872,173214.0,258861.0,0.11526395536096667
2873,173214.0,264985.0,0.11232988566012121
2874,173214.0,162745.0,0.08995800803589721
2875,173214.0,162746.0,0.078088387140189
2876,173214.0,258862.0,0.07734039862845893
2877,173214.0,162552.0,0.0
2878,173214.0,258863.0,0.0
2879,173214.0,163471.0,0.0
2880,173214.0,173214.0,0.0
2881,173214.0,255915.0,0.07792748745713593
2882,173214.0,254310.0,0.08271460561899326
2883,173214.0,178581.0,0.10965854774135476
2884,173214.0,163472.0,0.0959797100822848
2885,173214.0,254999.0,0.07182487683046664
2886,173214.0,258864.0,0.0759503293650468
2887,173214.0,257387.0,0.0973362785297478
2888,173214.0,225465.0,0.09456697647031717
2889,173214.0,228316.0,0.09456697647031717
2890,173214.0,255517.0,0.10208594414382839
2891,173214.0,176188.0,0.08985633623761118
2892,173214.0,162747.0,0.10484519903981471
2893,173214.0,162748.0,0.13744406700436226
2894,173214.0,163473.0,0.13744406700436226
2895,173214.0,162749.0,0.13027654840993902
2896,173214.0,163290.0,0.10416555854008361
2897,173214.0,163474.0,0.10740514470961311
2898,173214.0,163475.0,0.0932911453390313
2899,173214.0,163476.0,0.09509225823745444
2900,173214.0,179506.0,0.09583023380014838
2901,173214.0,179507.0,0.09583023380014838
2902,173214.0,258865.0,0.09662005414134003
2903,173214.0,162553.0,0.07443578335961737
2904,173214.0,163477.0,0.07433895459902662
2905,173214.0,167151.0,0.0
2906,173214.0,177013.0,0.0826588639912008
2907,173214.0,176189.0,0.08204577142796808
2908,173214.0,177014.0,0.08204577142796808
2909,173214.0,257771.0,0.06377757975759628
2910,173214.0,163291.0,0.08601018281313945
2911,255915.0,256243.0,0.1569866243740156
2912,255915.0,257144.0,0.151932474292164
2913,255915.0,162545.0,0.15276734095201602
2914,255915.0,254494.0,0.1529130754605904
2915,255915.0,228435.0,0.1529130754605904
2916,255915.0,172883.0,0.15371522307601318
2917,255915.0,226943.0,0.15346085337925286
2918,255915.0,162546.0,0.15346085337925286
2919,255915.0,258850.0,0.15500983180366235
2920,255915.0,258851.0,0.15569043280339506
2921,255915.0,178641.0,0.1445568908269043
2922,255915.0,178642.0,0.15206574955293145
2923,255915.0,162738.0,0.1650229108607211
2924,255915.0,172884.0,0.15963981038402453
2925,255915.0,162739.0,0.14878689095845848
2926,255915.0,178643.0,0.1514598037395935
2927,255915.0,225458.0,0.1529000577366339
2928,255915.0,225459.0,0.14503081210135016
2929,255915.0,225460.0,0.14503081210135016
2930,255915.0,258852.0,0.15497837670647713
2931,255915.0,163284.0,0.16221562873445466
2932,255915.0,257772.0,0.1556939353805461
2933,255915.0,167145.0,0.1687393651166081
2934,255915.0,163286.0,0.1823079601541857
2935,255915.0,178645.0,0.15277482733925618
2936,255915.0,176858.0,0.1969294676134848
2937,255915.0,172920.0,0.20150634639407267
2938,255915.0,172885.0,0.2110045974315197
2939,255915.0,162551.0,0.19962549180050793
2940,255915.0,256210.0,0.19962549180050793
2941,255915.0,255516.0,0.1805959320901419
2942,255915.0,162744.0,0.1930806936387205
2943,255915.0,258861.0,0.1930806936387205
2944,255915.0,264985.0,0.19011454134877495
2945,255915.0,162745.0,0.15688713351931263
2946,255915.0,162746.0,0.14647739875292826
2947,255915.0,258862.0,0.14564704220586763
2948,255915.0,162552.0,0.11944707755370454
2949,255915.0,258863.0,0.0844895585078035
2950,255915.0,163471.0,0.08308524442697532
2951,255915.0,173214.0,0.07792748745713593
2952,255915.0,255915.0,0.0
2953,255915.0,254310.0,0.0
2954,255915.0,178581.0,0.09372565448244885
2955,255915.0,163472.0,0.09755991932225193
2956,255915.0,254999.0,0.07829187775756892
2957,255915.0,258864.0,0.08280079932132592
2958,255915.0,257387.0,0.08658366634873607
2959,255915.0,225465.0,0.07615206715833968
2960,255915.0,228316.0,0.07615206715833968
2961,255915.0,255517.0,0.09470360605953634
2962,255915.0,176188.0,0.07400569811107978
2963,255915.0,162747.0,0.08021954377405818
2964,255915.0,162748.0,0.060021637992930914
2965,255915.0,163473.0,0.060021637992930914
2966,255915.0,162749.0,0.05255555492798259
2967,255915.0,163290.0,0.0
2968,255915.0,163474.0,0.0
2969,255915.0,163475.0,0.0
2970,255915.0,163476.0,0.0
2971,255915.0,179506.0,0.0
2972,255915.0,179507.0,0.0
2973,255915.0,258865.0,0.0
2974,255915.0,162553.0,0.0
2975,255915.0,163477.0,0.0
2976,255915.0,167151.0,0.051151556925766416
2977,255915.0,177013.0,0.1557647131751864
2978,255915.0,176189.0,0.1578063952798984
2979,255915.0,177014.0,0.1578063952798984
2980,255915.0,257771.0,0.140445888084488
2981,255915.0,163291.0,0.1559796443856128
2982,254310.0,256243.0,0.16278626909923358
2983,254310.0,257144.0,0.15792449334822445
2984,254310.0,162545.0,0.15870312474704323
2985,254310.0,254494.0,0.15885365748487776
2986,254310.0,228435.0,0.15885365748487776
2987,254310.0,172883.0,0.15967024460560264
2988,254310.0,226943.0,0.15941340769788978
2989,254310.0,162546.0,0.15941340769788978
2990,254310.0,258850.0,0.16096124383487997
2991,254310.0,258851.0,0.16163553992144303
2992,254310.0,178641.0,0.1503014394180956
2993,254310.0,178642.0,0.15781971331034456
2994,254310.0,162738.0,0.1706755610931523
2995,254310.0,172884.0,0.1656968962056664
2996,254310.0,162739.0,0.15479080358825537
2997,254310.0,178643.0,0.1573022807527792
2998,254310.0,225458.0,0.15878531716615435
2999,254310.0,225459.0,0.1508789463138588
3000,254310.0,225460.0,0.1508789463138588
3001,254310.0,258852.0,0.16096092484436836
3002,254310.0,163284.0,0.16824405224762415
3003,254310.0,257772.0,0.16179950262608886
3004,254310.0,167145.0,0.1749648080014085
3005,254310.0,163286.0,0.18817157895271586
3006,254310.0,178645.0,0.15910943887247425
3007,254310.0,176858.0,0.20191762030173582
3008,254310.0,172920.0,0.20637225620534744
3009,254310.0,172885.0,0.21599929247104827
3010,254310.0,162551.0,0.20450376230220899
3011,254310.0,256210.0,0.20450376230220899
3012,254310.0,255516.0,0.18568882047228774
3013,254310.0,162744.0,0.19797166231034563
3014,254310.0,258861.0,0.19797166231034563
3015,254310.0,264985.0,0.19502750822018713
3016,254310.0,162745.0,0.16286849177576174
3017,254310.0,162746.0,0.15236982057191728
3018,254310.0,258862.0,0.15154100908644083
3019,254310.0,162552.0,0.12486716757736835
3020,254310.0,258863.0,0.0892542774611961
3021,254310.0,163471.0,0.08809437881619596
3022,254310.0,173214.0,0.08271460561899326
3023,254310.0,255915.0,0.0
3024,254310.0,254310.0,0.0
3025,254310.0,178581.0,0.0905687734672094
3026,254310.0,163472.0,0.09580219773726387
3027,254310.0,254999.0,0.07772907310228881
3028,254310.0,258864.0,0.08205168365718005
3029,254310.0,257387.0,0.08409563423325855
3030,254310.0,225465.0,0.07334511296602864
3031,254310.0,228316.0,0.07334511296602864
3032,254310.0,255517.0,0.09225764045804198
3033,254310.0,176188.0,0.07153896903096592
3034,254310.0,162747.0,0.07668446987974513
3035,254310.0,162748.0,0.054784360499114
3036,254310.0,163473.0,0.054784360499114
3037,254310.0,162749.0,0.0
3038,254310.0,163290.0,0.0
3039,254310.0,163474.0,0.0
3040,254310.0,163475.0,0.0
3041,254310.0,163476.0,0.0
3042,254310.0,179506.0,0.0
3043,254310.0,179507.0,0.0
3044,254310.0,258865.0,0.0
3045,254310.0,162553.0,0.0
3046,254310.0,163477.0,0.0
3047,254310.0,167151.0,0.05599535199152244
3048,254310.0,177013.0,0.16139733921614183
3049,254310.0,176189.0,0.16317623963247335
3050,254310.0,177014.0,0.16317623963247335
3051,254310.0,257771.0,0.14565244059165064
3052,254310.0,163291.0,0.1618164063815395
3053,178581.0,256243.0,0.1921829331143079
3054,178581.0,257144.0,0.1938658931023661
3055,178581.0,162545.0,0.19271103164227812
3056,178581.0,254494.0,0.19299714673570087
3057,178581.0,228435.0,0.19299714673570087
3058,178581.0,172883.0,0.19418425205120501
3059,178581.0,226943.0,0.1938771885288916
3060,178581.0,162546.0,0.1938771885288916
3061,178581.0,258850.0,0.19520846268877476
3062,178581.0,258851.0,0.19560083808551862
3063,178581.0,178641.0,0.1797812243260874
3064,178581.0,178642.0,0.18654485489371544
3065,178581.0,162738.0,0.19504510872235367
3066,178581.0,172884.0,0.20307845753984838
3067,178581.0,162739.0,0.19150220717850627
3068,178581.0,178643.0,0.18862429303121894
3069,178581.0,225458.0,0.19120718293097858
3070,178581.0,225459.0,0.18319906636069028
3071,178581.0,225460.0,0.18319906636069028
3072,178581.0,258852.0,0.19623593310653464
3073,178581.0,163284.0,0.20432041147371074
3074,178581.0,257772.0,0.20143501544064332
3075,178581.0,167145.0,0.21878196384568965
3076,178581.0,163286.0,0.21679456757802257
3077,178581.0,178645.0,0.2120035127824198
3078,178581.0,176858.0,0.20691047860047398
3079,178581.0,172920.0,0.2082828167875269
3080,178581.0,172885.0,0.2197856782636967
3081,178581.0,162551.0,0.2068648703588234
3082,178581.0,256210.0,0.2068648703588234
3083,178581.0,255516.0,0.19476128873353252
3084,178581.0,162744.0,0.20128392424473648
3085,178581.0,258861.0,0.20128392424473648
3086,178581.0,264985.0,0.19912836969811243
3087,178581.0,162745.0,0.197889412943895
3088,178581.0,162746.0,0.1858125323158568
3089,178581.0,258862.0,0.18513789374541068
3090,178581.0,162552.0,0.1507845509430064
3091,178581.0,258863.0,0.11313043901376285
3092,178581.0,163471.0,0.11644610973631819
3093,178581.0,173214.0,0.10965854774135476
3094,178581.0,255915.0,0.09372565448244885
3095,178581.0,254310.0,0.0905687734672094
3096,178581.0,178581.0,0.0
3097,178581.0,163472.0,0.0
3098,178581.0,254999.0,0.0
3099,178581.0,258864.0,0.0
3100,178581.0,257387.0,0.0
3101,178581.0,225465.0,0.0
3102,178581.0,228316.0,0.0
3103,178581.0,255517.0,0.0
3104,178581.0,176188.0,0.0
3105,178581.0,162747.0,0.0
3106,178581.0,162748.0,0.11242686277880198
3107,178581.0,163473.0,0.11242686277880198
3108,178581.0,162749.0,0.11107546828153846
3109,178581.0,163290.0,0.07232998159925186
3110,178581.0,163474.0,0.08975325014662944
3111,178581.0,163475.0,0.09084879827775547
3112,178581.0,163476.0,0.087021981554459
3113,178581.0,179506.0,0.08507120298706784
3114,178581.0,179507.0,0.08507120298706784
3115,178581.0,258865.0,0.08314143875555617
3116,178581.0,162553.0,0.11226247366120382
3117,178581.0,163477.0,0.11249975158897471
3118,178581.0,167151.0,0.09771928978940948
3119,178581.0,177013.0,0.18638964359387442
3120,178581.0,176189.0,0.18143365976951847
3121,178581.0,177014.0,0.18143365976951847
3122,178581.0,257771.0,0.16294131622394106
3123,178581.0,163291.0,0.19241462403568022
3124,163472.0,256243.0,0.1747714900426728
3125,163472.0,257144.0,0.17760483446296008
3126,163472.0,162545.0,0.17611629533992132
3127,163472.0,254494.0,0.17642039378946545
3128,163472.0,228435.0,0.17642039378946545
3129,163472.0,172883.0,0.17764683354811503
3130,163472.0,226943.0,0.17733803420292518
3131,163472.0,162546.0,0.17733803420292518
3132,163472.0,258850.0,0.178596331485318
3133,163472.0,258851.0,0.17892706825804028
3134,163472.0,178641.0,0.1627068537982415
3135,163472.0,178642.0,0.16915511042124842
3136,163472.0,162738.0,0.17672515344265458
3137,163472.0,172884.0,0.18687035528511675
3138,163472.0,162739.0,0.17544923063473508
3139,163472.0,178643.0,0.1716422806325163
3140,163472.0,225458.0,0.17435881659690727
3141,163472.0,225459.0,0.16654446450651492
3142,163472.0,225460.0,0.16654446450651492
3143,163472.0,258852.0,0.17979037519742566
3144,163472.0,163284.0,0.18783735117545586
3145,163472.0,257772.0,0.18570292919067943
3146,163472.0,167145.0,0.20351056492421554
3147,163472.0,163286.0,0.19875149429966746
3148,163472.0,178645.0,0.19887104970508723
3149,163472.0,176858.0,0.18578228439675012
3150,163472.0,172920.0,0.18682196323374167
3151,163472.0,172885.0,0.19839758470309257
3152,163472.0,162551.0,0.18546364175813465
3153,163472.0,256210.0,0.18546364175813465
3154,163472.0,255516.0,0.17426694788831248
3155,163472.0,162744.0,0.1800431331442653
3156,163472.0,258861.0,0.1800431331442653
3157,163472.0,264985.0,0.17799794657637166
3158,163472.0,162745.0,0.18135660758471073
3159,163472.0,162746.0,0.16929358971530922
3160,163472.0,258862.0,0.16866627079288002
3161,163472.0,162552.0,0.13407750903303617
3162,163472.0,258863.0,0.0984326255241465
3163,163472.0,163471.0,0.10240020412717013
3164,163472.0,173214.0,0.0959797100822848
3165,163472.0,255915.0,0.09755991932225193
3166,163472.0,254310.0,0.09580219773726387
3167,163472.0,178581.0,0.0
3168,163472.0,163472.0,0.0
3169,163472.0,254999.0,0.0
3170,163472.0,258864.0,0.0
3171,163472.0,257387.0,0.0
3172,163472.0,225465.0,0.0
3173,163472.0,228316.0,0.0
3174,163472.0,255517.0,0.0
3175,163472.0,176188.0,0.0
3176,163472.0,162747.0,0.0
3177,163472.0,162748.0,0.1270194386903448
3178,163472.0,163473.0,0.1270194386903448
3179,163472.0,162749.0,0.12445050215468181
3180,163472.0,163290.0,0.08456531425451778
3181,163472.0,163474.0,0.10091737465320154
3182,163472.0,163475.0,0.09860452199444235
3183,163472.0,163476.0,0.09557280923051957
3184,163472.0,179506.0,0.0939855378447367
3185,163472.0,179507.0,0.0939855378447367
3186,163472.0,258865.0,0.09243108664208086
3187,163472.0,162553.0,0.1136828779920551
3188,163472.0,163477.0,0.1138753162317408
3189,163472.0,167151.0,0.08918759472582696
3190,163472.0,177013.0,0.1683677435446292
3191,163472.0,176189.0,0.16245831049235038
3192,163472.0,177014.0,0.16245831049235038
3193,163472.0,257771.0,0.14430477260092622
3194,163472.0,163291.0,0.17520890955992802
3195,254999.0,256243.0,0.15326671556743196
3196,254999.0,257144.0,0.1551276048727127
3197,254999.0,162545.0,0.15389761298039956
3198,254999.0,254494.0,0.15418745037404707
3199,254999.0,228435.0,0.15418745037404707
3200,254999.0,172883.0,0.15538323548669467
3201,254999.0,226943.0,0.15507562846204093
3202,254999.0,162546.0,0.15507562846204093
3203,254999.0,258850.0,0.1563930955578093
3204,254999.0,258851.0,0.1567740183032173
3205,254999.0,178641.0,0.1408883266975967
3206,254999.0,178642.0,0.1476287968036187
3207,254999.0,162738.0,0.15616664263794533
3208,254999.0,172884.0,0.16436009740370502
3209,254999.0,162739.0,0.15281713850624387
3210,254999.0,178643.0,0.14974581216963131
3211,254999.0,225458.0,0.15234865985028034
3212,254999.0,225459.0,0.14436861564211545
3213,254999.0,225460.0,0.14436861564211545
3214,254999.0,258852.0,0.15745582057340396
3215,254999.0,163284.0,0.16553691616193236
3216,254999.0,257772.0,0.16285583624757413
3217,254999.0,167145.0,0.18038351937914684
3218,254999.0,163286.0,0.17788135305843258
3219,254999.0,178645.0,0.17470297961571163
3220,254999.0,176858.0,0.16973607956867226
3221,254999.0,172920.0,0.17159381485569083
3222,254999.0,172885.0,0.18294077319696564
3223,254999.0,162551.0,0.17008549798099956
3224,254999.0,256210.0,0.17008549798099956
3225,254999.0,255516.0,0.15692149145752216
3226,254999.0,162744.0,0.16428454343799104
3227,254999.0,258861.0,0.16428454343799104
3228,254999.0,264985.0,0.161984083651236
3229,254999.0,162745.0,0.15909156433774602
3230,254999.0,162746.0,0.1470099981122716
3231,254999.0,258862.0,0.1463447843970453
3232,254999.0,162552.0,0.11192264044116328
3233,254999.0,258863.0,0.07479381641842243
3234,254999.0,163471.0,0.07843599875599745
3235,254999.0,173214.0,0.07182487683046664
3236,254999.0,255915.0,0.07829187775756892
3237,254999.0,254310.0,0.07772907310228881
3238,254999.0,178581.0,0.0
3239,254999.0,163472.0,0.0
3240,254999.0,254999.0,0.0
3241,254999.0,258864.0,0.0
3242,254999.0,257387.0,0.0
3243,254999.0,225465.0,0.0
3244,254999.0,228316.0,0.0
3245,254999.0,255517.0,0.0
3246,254999.0,176188.0,0.0
3247,254999.0,162747.0,0.0
3248,254999.0,162748.0,0.11729502746242935
3249,254999.0,163473.0,0.11729502746242935
3250,254999.0,162749.0,0.11332023556389756
3251,254999.0,163290.0,0.07410894123807814
3252,254999.0,163474.0,0.08824928082048407
3253,254999.0,163475.0,0.08262905049381826
3254,254999.0,163476.0,0.08050464807352822
3255,254999.0,179506.0,0.07935939288268655
3256,254999.0,179507.0,0.07935939288268655
3257,254999.0,258865.0,0.07826834038482286
3258,254999.0,162553.0,0.09227282979475719
3259,254999.0,163477.0,0.09243346866749778
3260,254999.0,167151.0,0.06424725954861954
3261,254999.0,177013.0,0.14748141435121764
3262,254999.0,176189.0,0.14271887230183397
3263,254999.0,177014.0,0.14271887230183397
3264,254999.0,257771.0,0.12415067613627344
3265,254999.0,163291.0,0.1535130121161776
3266,258864.0,256243.0,0.15644396232836985
3267,258864.0,257144.0,0.1586301370611519
3268,258864.0,162545.0,0.15731082800552504
3269,258864.0,254494.0,0.15760566204700252
3270,258864.0,228435.0,0.15760566204700252
3271,258864.0,172883.0,0.15881250316903872
3272,258864.0,226943.0,0.1585043284796651
3273,258864.0,162546.0,0.1585043284796651
3274,258864.0,258850.0,0.15980241389613337
3275,258864.0,258851.0,0.16016659540103786
3276,258864.0,178641.0,0.1441593818115328
3277,258864.0,178642.0,0.15080913032697899
3278,258864.0,162738.0,0.1590503210637373
3279,258864.0,172884.0,0.16787835699188194
3280,258864.0,162739.0,0.15637271660884985
3281,258864.0,178643.0,0.1530486189823289
3282,258864.0,225458.0,0.15569084667518732
3283,258864.0,225459.0,0.14776176154722187
3284,258864.0,225460.0,0.14776176154722187
3285,258864.0,258852.0,0.1609103593746901
3286,258864.0,163284.0,0.16898370224135273
3287,258864.0,257772.0,0.1664922851741357
3288,258864.0,167145.0,0.18412776989579627
3289,258864.0,163286.0,0.18087458918738158
3290,258864.0,178645.0,0.1788687652671358
3291,258864.0,176858.0,0.17137988313427177
3292,258864.0,172920.0,0.17303134624099836
3293,258864.0,172885.0,0.18444823166099533
3294,258864.0,162551.0,0.17155916006729177
3295,258864.0,256210.0,0.17155916006729177
3296,258864.0,255516.0,0.1588921542095171
3297,258864.0,162744.0,0.16584815202727501
3298,258864.0,258861.0,0.16584815202727501
3299,258864.0,264985.0,0.16361049603293523
3300,258864.0,162745.0,0.1625232277401076
3301,258864.0,162746.0,0.15044146571658035
3302,258864.0,258862.0,0.149788861808448
3303,258864.0,162552.0,0.11528286723772821
3304,258864.0,258863.0,0.07868307821273447
3305,258864.0,163471.0,0.08247489516051054
3306,258864.0,173214.0,0.0759503293650468
3307,258864.0,255915.0,0.08280079932132592
3308,258864.0,254310.0,0.08205168365718005
3309,258864.0,178581.0,0.0
3310,258864.0,163472.0,0.0
3311,258864.0,254999.0,0.0
3312,258864.0,258864.0,0.0
3313,258864.0,257387.0,0.0
3314,258864.0,225465.0,0.0
3315,258864.0,228316.0,0.0
3316,258864.0,255517.0,0.0
3317,258864.0,176188.0,0.0
3318,258864.0,162747.0,0.0
3319,258864.0,162748.0,0.12029483921362441
3320,258864.0,163473.0,0.12029483921362441
3321,258864.0,162749.0,0.1165607429425551
3322,258864.0,163290.0,0.07706737763774123
3323,258864.0,163474.0,0.0916842448103535
3324,258864.0,163475.0,0.08662082407173947
3325,258864.0,163476.0,0.08433356025731593
3326,258864.0,179506.0,0.08310666207113546
3327,258864.0,179507.0,0.08310666207113546
3328,258864.0,258865.0,0.08192917776721222
3329,258864.0,162553.0,0.09708938789113049
3330,258864.0,163477.0,0.09725384301445608
3331,258864.0,167151.0,0.06912190260665767
3332,258864.0,177013.0,0.1504589565352786
3333,258864.0,176189.0,0.14534531847271326
3334,258864.0,177014.0,0.14534531847271326
3335,258864.0,257771.0,0.12687942442641958
3336,258864.0,163291.0,0.15675229334275326
3337,257387.0,256243.0,0.1797489720057969
3338,257387.0,257144.0,0.1814258014359643
3339,257387.0,162545.0,0.18026593280875117
3340,257387.0,254494.0,0.18055218865601927
3341,257387.0,228435.0,0.18055218865601927
3342,257387.0,172883.0,0.18173968203514548
3343,257387.0,226943.0,0.18143259031978023
3344,257387.0,162546.0,0.18143259031978023
3345,257387.0,258850.0,0.1827633081977874
3346,257387.0,258851.0,0.18315537594111617
3347,257387.0,178641.0,0.16733934605680273
3348,257387.0,178642.0,0.1741108443854099
3349,257387.0,162738.0,0.18266734221323977
3350,257387.0,172884.0,0.1906404706647653
3351,257387.0,162739.0,0.17906747446177293
3352,257387.0,178643.0,0.17618035225993534
3353,257387.0,225458.0,0.17876190954356108
3354,257387.0,225459.0,0.17075351982508702
3355,257387.0,225460.0,0.17075351982508702
3356,257387.0,258852.0,0.18379257854417558
3357,257387.0,163284.0,0.19187691990896083
3358,257387.0,257772.0,0.18901421783263664
3359,257387.0,167145.0,0.20639065893409841
3360,257387.0,163286.0,0.20438963022969572
3361,257387.0,178645.0,0.19983163408369164
3362,257387.0,176858.0,0.19517785940696894
3363,257387.0,172920.0,0.19671224117454353
3364,257387.0,172885.0,0.20816888326183605
3365,257387.0,162551.0,0.19526374320360487
3366,257387.0,256210.0,0.19526374320360487
3367,257387.0,255516.0,0.18279714110518755
3368,257387.0,162744.0,0.18960716496792934
3369,257387.0,258861.0,0.18960716496792934
3370,257387.0,264985.0,0.18740237279817262
3371,257387.0,162745.0,0.1854450284001371
3372,257387.0,162746.0,0.17336783067155587
3373,257387.0,258862.0,0.1726936505082743
3374,257387.0,162552.0,0.13833964509364274
3375,257387.0,258863.0,0.10073253722396618
3376,257387.0,163471.0,0.10409921267686792
3377,257387.0,173214.0,0.0973362785297478
3378,257387.0,255915.0,0.08658366634873607
3379,257387.0,254310.0,0.08409563423325855
3380,257387.0,178581.0,0.0
3381,257387.0,163472.0,0.0
3382,257387.0,254999.0,0.0
3383,257387.0,258864.0,0.0
3384,257387.0,257387.0,0.0
3385,257387.0,225465.0,0.0
3386,257387.0,228316.0,0.0
3387,257387.0,255517.0,0.0
3388,257387.0,176188.0,0.0
3389,257387.0,162747.0,0.0
3390,257387.0,162748.0,0.1118261623391023
3391,257387.0,163473.0,0.1118261623391023
3392,257387.0,162749.0,0.10958906698578354
3393,257387.0,163290.0,0.06988387182443057
3394,257387.0,163474.0,0.0866922869364992
3395,257387.0,163475.0,0.0857305902819273
3396,257387.0,163476.0,0.0823349600912939
3397,257387.0,179506.0,0.0805850312910931
3398,257387.0,179507.0,0.0805850312910931
3399,257387.0,258865.0,0.07886668402775505
3400,257387.0,162553.0,0.10413473599792565
3401,257387.0,163477.0,0.10435392689016532
3402,257387.0,167151.0,0.08620677065983683
3403,257387.0,177013.0,0.1739896470916121
3404,257387.0,176189.0,0.16913811713097682
3405,257387.0,177014.0,0.16913811713097682
3406,257387.0,257771.0,0.15060986423719153
3407,257387.0,163291.0,0.17997454772709867
3408,225465.0,256243.0,0.17888747000813493
3409,225465.0,257144.0,0.17969764828509233
3410,225465.0,162545.0,0.17878512646254158
3411,225465.0,254494.0,0.17905685447116282
3412,225465.0,228435.0,0.17905685447116282
3413,225465.0,172883.0,0.18021004141746966
3414,225465.0,226943.0,0.1799056415866189
3415,225465.0,162546.0,0.1799056415866189
3416,225465.0,258850.0,0.1812836521422468
3417,225465.0,258851.0,0.18171926061447705
3418,225465.0,178641.0,0.16628290429433878
3419,225465.0,178642.0,0.1732606470934214
3420,225465.0,162738.0,0.1825254986070003
3421,225465.0,172884.0,0.18883412941219846
3422,225465.0,162739.0,0.17720210716419935
3423,225465.0,178643.0,0.17500739537052712
3424,225465.0,225458.0,0.1774759756542486
3425,225465.0,225459.0,0.1693641896982875
3426,225465.0,225460.0,0.1693641896982875
3427,225465.0,258852.0,0.1821866893759427
3428,225465.0,163284.0,0.19026332799003332
3429,225465.0,257772.0,0.18688035997634256
3430,225465.0,167145.0,0.2038776700363053
3431,225465.0,163286.0,0.20392631954021884
3432,225465.0,178645.0,0.1959925596478834
3433,225465.0,176858.0,0.19776584334645353
3434,225465.0,172920.0,0.19971868696536074
3435,225465.0,172885.0,0.21103591052619391
3436,225465.0,162551.0,0.1981972946597576
3437,225465.0,256210.0,0.1981972946597576
3438,225465.0,255516.0,0.1847099543300772
3439,225465.0,162744.0,0.1923585853110159
3440,225465.0,258861.0,0.1923585853110159
3441,225465.0,264985.0,0.19002642018613947
3442,225465.0,162745.0,0.1838952191167702
3443,225465.0,162746.0,0.17186535030169536
3444,225465.0,258862.0,0.17116009832672655
3445,225465.0,162552.0,0.13720146046557022
3446,225465.0,258863.0,0.09858444085443926
3447,225465.0,163471.0,0.10147103201388757
3448,225465.0,173214.0,0.09456697647031717
3449,225465.0,255915.0,0.07615206715833968
3450,225465.0,254310.0,0.07334511296602864
3451,225465.0,178581.0,0.0
3452,225465.0,163472.0,0.0
3453,225465.0,254999.0,0.0
3454,225465.0,258864.0,0.0
3455,225465.0,257387.0,0.0
3456,225465.0,225465.0,0.0
3457,225465.0,228316.0,0.0
3458,225465.0,255517.0,0.0
3459,225465.0,176188.0,0.0
3460,225465.0,162747.0,0.0
3461,225465.0,162748.0,0.10050947482192224
3462,225465.0,163473.0,0.10050947482192224
3463,225465.0,162749.0,0.09816105796429117
3464,225465.0,163290.0,0.058417301542235234
3465,225465.0,163474.0,0.07521950875817447
3466,225465.0,163475.0,0.07453465516405527
3467,225465.0,163476.0,0.07103864005806894
3468,225465.0,179506.0,0.06924925496797259
3469,225465.0,179507.0,0.06924925496797259
3470,225465.0,258865.0,0.06749470494576604
3471,225465.0,162553.0,0.09431813521890195
3472,225465.0,163477.0,0.09454999351437891
3473,225465.0,167151.0,0.08061514902739848
3474,225465.0,177013.0,0.17364419247625126
3475,225465.0,176189.0,0.1696336632836057
3476,225465.0,177014.0,0.1696336632836057
3477,225465.0,257771.0,0.1509238853491882
3478,225465.0,163291.0,0.1789530731679925
3479,228316.0,256243.0,0.17888747000813493
3480,228316.0,257144.0,0.17969764828509233
3481,228316.0,162545.0,0.17878512646254158
3482,228316.0,254494.0,0.17905685447116282
3483,228316.0,228435.0,0.17905685447116282
3484,228316.0,172883.0,0.18021004141746966
3485,228316.0,226943.0,0.1799056415866189
3486,228316.0,162546.0,0.1799056415866189
3487,228316.0,258850.0,0.1812836521422468
3488,228316.0,258851.0,0.18171926061447705
3489,228316.0,178641.0,0.16628290429433878
3490,228316.0,178642.0,0.1732606470934214
3491,228316.0,162738.0,0.1825254986070003
3492,228316.0,172884.0,0.18883412941219846
3493,228316.0,162739.0,0.17720210716419935
3494,228316.0,178643.0,0.17500739537052712
3495,228316.0,225458.0,0.1774759756542486
3496,228316.0,225459.0,0.1693641896982875
3497,228316.0,225460.0,0.1693641896982875
3498,228316.0,258852.0,0.1821866893759427
3499,228316.0,163284.0,0.19026332799003332
3500,228316.0,257772.0,0.18688035997634256
3501,228316.0,167145.0,0.2038776700363053
3502,228316.0,163286.0,0.20392631954021884
3503,228316.0,178645.0,0.1959925596478834
3504,228316.0,176858.0,0.19776584334645353
3505,228316.0,172920.0,0.19971868696536074
3506,228316.0,172885.0,0.21103591052619391
3507,228316.0,162551.0,0.1981972946597576
3508,228316.0,256210.0,0.1981972946597576
3509,228316.0,255516.0,0.1847099543300772
3510,228316.0,162744.0,0.1923585853110159
3511,228316.0,258861.0,0.1923585853110159
3512,228316.0,264985.0,0.19002642018613947
3513,228316.0,162745.0,0.1838952191167702
3514,228316.0,162746.0,0.17186535030169536
3515,228316.0,258862.0,0.17116009832672655
3516,228316.0,162552.0,0.13720146046557022
3517,228316.0,258863.0,0.09858444085443926
3518,228316.0,163471.0,0.10147103201388757
3519,228316.0,173214.0,0.09456697647031717
3520,228316.0,255915.0,0.07615206715833968
3521,228316.0,254310.0,0.07334511296602864
3522,228316.0,178581.0,0.0
3523,228316.0,163472.0,0.0
3524,228316.0,254999.0,0.0
3525,228316.0,258864.0,0.0
3526,228316.0,257387.0,0.0
3527,228316.0,225465.0,0.0
3528,228316.0,228316.0,0.0
3529,228316.0,255517.0,0.0
3530,228316.0,176188.0,0.0
3531,228316.0,162747.0,0.0
3532,228316.0,162748.0,0.10050947482192224
3533,228316.0,163473.0,0.10050947482192224
3534,228316.0,162749.0,0.09816105796429117
3535,228316.0,163290.0,0.058417301542235234
3536,228316.0,163474.0,0.07521950875817447
3537,228316.0,163475.0,0.07453465516405527
3538,228316.0,163476.0,0.07103864005806894
3539,228316.0,179506.0,0.06924925496797259
3540,228316.0,179507.0,0.06924925496797259
3541,228316.0,258865.0,0.06749470494576604
3542,228316.0,162553.0,0.09431813521890195
3543,228316.0,163477.0,0.09454999351437891
3544,228316.0,167151.0,0.08061514902739848
3545,228316.0,177013.0,0.17364419247625126
3546,228316.0,176189.0,0.1696336632836057
3547,228316.0,177014.0,0.1696336632836057
3548,228316.0,257771.0,0.1509238853491882
3549,228316.0,163291.0,0.1789530731679925
3550,255517.0,256243.0,0.1830281937088616
3551,255517.0,257144.0,0.18525329127265544
3552,255517.0,162545.0,0.18394007980167432
3553,255517.0,254494.0,0.1842349272788248
3554,255517.0,228435.0,0.1842349272788248
3555,255517.0,172883.0,0.18544165812345412
3556,255517.0,226943.0,0.18513349258327585
3557,255517.0,162546.0,0.18513349258327585
3558,255517.0,258850.0,0.18643161707503902
3559,255517.0,258851.0,0.1867953225463871
3560,255517.0,178641.0,0.17077270013778945
3561,255517.0,178642.0,0.17739537516369497
3562,255517.0,162738.0,0.1854687588910266
3563,255517.0,172884.0,0.19449932231445888
3564,255517.0,162739.0,0.18298550280731424
3565,255517.0,178643.0,0.17966758252754333
3566,255517.0,225458.0,0.18231558016846308
3567,255517.0,225459.0,0.17439065577987553
3568,255517.0,225460.0,0.17439065577987553
3569,255517.0,258852.0,0.18753852122583725
3570,255517.0,163284.0,0.19561237608241117
3571,255517.0,257772.0,0.1930798362249305
3572,255517.0,167145.0,0.21066123469989328
3573,255517.0,163286.0,0.20736141256709556
3574,255517.0,178645.0,0.20490180331183885
3575,255517.0,176858.0,0.19605178916827914
3576,255517.0,172920.0,0.19727543263915445
3577,255517.0,172885.0,0.20881326205277465
3578,255517.0,162551.0,0.19588378303038997
3579,255517.0,256210.0,0.19588378303038997
3580,255517.0,255516.0,0.1841849568517353
3581,255517.0,162744.0,0.19037320570945063
3582,255517.0,258861.0,0.19037320570945063
3583,255517.0,264985.0,0.18826651959410268
3584,255517.0,162745.0,0.1891523533029259
3585,255517.0,162746.0,0.17707051642400018
3586,255517.0,258862.0,0.17641743404710084
3587,255517.0,162552.0,0.14191083934711565
3588,255517.0,258863.0,0.10509844173623535
3589,255517.0,163471.0,0.10872819883005365
3590,255517.0,173214.0,0.10208594414382839
3591,255517.0,255915.0,0.09470360605953634
3592,255517.0,254310.0,0.09225764045804198
3593,255517.0,178581.0,0.0
3594,255517.0,163472.0,0.0
3595,255517.0,254999.0,0.0
3596,255517.0,258864.0,0.0
3597,255517.0,257387.0,0.0
3598,255517.0,225465.0,0.0
3599,255517.0,228316.0,0.0
3600,255517.0,255517.0,0.0
3601,255517.0,176188.0,0.0
3602,255517.0,162747.0,0.0
3603,255517.0,162748.0,0.11925538767517291
3604,255517.0,163473.0,0.11925538767517291
3605,255517.0,162749.0,0.11723427324977381
3606,255517.0,163290.0,0.07766861684210154
3607,255517.0,163474.0,0.09461631555631703
3608,255517.0,163475.0,0.09387822542667941
3609,255517.0,163476.0,0.09045208617676932
3610,255517.0,179506.0,0.0886836682349409
3611,255517.0,179507.0,0.0886836682349409
3612,255517.0,258865.0,0.08694314869443331
3613,255517.0,162553.0,0.11210523789086509
3614,255517.0,163477.0,0.11232076636078883
3615,255517.0,167151.0,0.09251871851412304
3616,255517.0,177013.0,0.17694535509227374
3617,255517.0,176189.0,0.17154446979173324
3618,255517.0,177014.0,0.17154446979173324
3619,255517.0,257771.0,0.15319243500922364
3620,255517.0,163291.0,0.18335642781867353
3621,176188.0,256243.0,0.17412009336427142
3622,176188.0,257144.0,0.17494785310162733
3623,176188.0,162545.0,0.174027334657703
3624,176188.0,254494.0,0.17429947803122697
3625,176188.0,228435.0,0.17429947803122697
3626,176188.0,172883.0,0.17545370895103354
3627,176188.0,226943.0,0.17514921339622694
3628,176188.0,162546.0,0.17514921339622694
3629,176188.0,258850.0,0.17652596067305204
3630,176188.0,258851.0,0.17696043272012182
3631,176188.0,178641.0,0.16151668731424237
3632,176188.0,178642.0,0.1684931937607674
3633,176188.0,162738.0,0.17776494012721705
3634,176188.0,172884.0,0.18408800226068106
3635,176188.0,162739.0,0.1724575444111877
3636,176188.0,178643.0,0.17024289758506927
3637,176188.0,225458.0,0.17271354155484725
3638,176188.0,225459.0,0.1646036034900745
3639,176188.0,225460.0,0.1646036034900745
3640,176188.0,258852.0,0.17743282173580727
3641,176188.0,163284.0,0.18551018551045884
3642,176188.0,257772.0,0.18214944323862006
3643,176188.0,167145.0,0.19917161230430597
3644,176188.0,163286.0,0.19915995363347241
3645,176188.0,178645.0,0.19141406943789452
3646,176188.0,176858.0,0.1932024784313459
3647,176188.0,172920.0,0.19521021835526312
3648,176188.0,172885.0,0.20650566735396012
3649,176188.0,162551.0,0.19367906364585824
3650,176188.0,256210.0,0.19367906364585824
3651,176188.0,255516.0,0.18007410828194695
3652,176188.0,162744.0,0.18781735299649724
3653,176188.0,258861.0,0.18781735299649724
3654,176188.0,264985.0,0.18546940279800347
3655,176188.0,162745.0,0.1791396936643496
3656,176188.0,162746.0,0.16710776742838127
3657,176188.0,258862.0,0.16640334912975854
3658,176188.0,162552.0,0.13243524331733186
3659,176188.0,258863.0,0.09384038997233449
3660,176188.0,163471.0,0.09675371680760385
3661,176188.0,173214.0,0.08985633623761118
3662,176188.0,255915.0,0.07400569811107978
3663,176188.0,254310.0,0.07153896903096592
3664,176188.0,178581.0,0.0
3665,176188.0,163472.0,0.0
3666,176188.0,254999.0,0.0
3667,176188.0,258864.0,0.0
3668,176188.0,257387.0,0.0
3669,176188.0,225465.0,0.0
3670,176188.0,228316.0,0.0
3671,176188.0,255517.0,0.0
3672,176188.0,176188.0,0.0
3673,176188.0,162747.0,0.0
3674,176188.0,162748.0,0.10129720003853246
3675,176188.0,163473.0,0.10129720003853246
3676,176188.0,162749.0,0.09858137581127192
3677,176188.0,163290.0,0.058678523404281424
3678,176188.0,163474.0,0.07505410595383967
3679,176188.0,163475.0,0.07339344585123214
3680,176188.0,163476.0,0.07012298314839446
3681,176188.0,179506.0,0.06844071898538953
3682,176188.0,179507.0,0.06844071898538953
3683,176188.0,258865.0,0.0667992231931156
3684,176188.0,162553.0,0.0916706150559469
3685,176188.0,163477.0,0.09189358083555313
3686,176188.0,167151.0,0.07627295216474168
3687,176188.0,177013.0,0.16888004692072722
3688,176188.0,176189.0,0.16489652678269043
3689,176188.0,177014.0,0.16489652678269043
3690,176188.0,257771.0,0.14618082937398283
3691,176188.0,163291.0,0.17418678068376264
3692,162747.0,256243.0,0.18950229402719151
3693,162747.0,257144.0,0.19014243686665755
3694,162747.0,162545.0,0.18928494666319137
3695,162747.0,254494.0,0.18955346929267652
3696,162747.0,228435.0,0.18955346929267652
3697,162747.0,172883.0,0.19069875024800487
3698,162747.0,226943.0,0.19039508482348402
3699,162747.0,162546.0,0.19039508482348402
3700,162747.0,258850.0,0.1917824517771921
3701,162747.0,258851.0,0.19222695258546105
3702,162747.0,178641.0,0.1768704540513185
3703,162747.0,178642.0,0.18387948315948424
3704,162747.0,162738.0,0.1932353433525072
3705,162747.0,172884.0,0.19925559222753567
3706,162747.0,162739.0,0.18761597445154976
3707,162747.0,178643.0,0.18556992500824177
3708,162747.0,225458.0,0.1880159018160972
3709,162747.0,225459.0,0.17988778844747721
3710,162747.0,225460.0,0.17988778844747721
3711,162747.0,258852.0,0.19265775567400562
3712,162747.0,163284.0,0.20072862758433546
3713,162747.0,257772.0,0.19722033805981493
3714,162747.0,167145.0,0.21410020917340142
3715,162747.0,163286.0,0.21459242162857217
3716,162747.0,178645.0,0.20574502750011972
3717,162747.0,176858.0,0.20847836987635546
3718,162747.0,172920.0,0.21037987586603693
3719,162747.0,172885.0,0.22171781151875022
3720,162747.0,162551.0,0.20886825019158545
3721,162747.0,256210.0,0.20886825019158545
3722,162747.0,255516.0,0.19547452867565127
3723,162747.0,162744.0,0.20305170358934496
3724,162747.0,258861.0,0.20305170358934496
3725,162747.0,264985.0,0.20073379039378106
3726,162747.0,162745.0,0.19437770247209696
3727,162747.0,162746.0,0.18236429215169067
3728,162747.0,258862.0,0.18165285392291436
3729,162747.0,162552.0,0.147791622660937
3730,162747.0,258863.0,0.10901424162946442
3731,162747.0,163471.0,0.11177307714368565
3732,162747.0,173214.0,0.10484519903981471
3733,162747.0,255915.0,0.08021954377405818
3734,162747.0,254310.0,0.07668446987974513
3735,162747.0,178581.0,0.0
3736,162747.0,163472.0,0.0
3737,162747.0,254999.0,0.0
3738,162747.0,258864.0,0.0
3739,162747.0,257387.0,0.0
3740,162747.0,225465.0,0.0
3741,162747.0,228316.0,0.0
3742,162747.0,255517.0,0.0
3743,162747.0,176188.0,0.0
3744,162747.0,162747.0,0.0
3745,162747.0,162748.0,0.09770033908289512
3746,162747.0,163473.0,0.09770033908289512
3747,162747.0,162749.0,0.09619980569528373
3748,162747.0,163290.0,0.05739663200624876
3749,162747.0,163474.0,0.07484297388973023
3750,162747.0,163475.0,0.07636628153359212
3751,162747.0,163476.0,0.0724169485643568
3752,162747.0,179506.0,0.07041675313981162
3753,162747.0,179507.0,0.07041675313981162
3754,162747.0,258865.0,0.06843923394479484
3755,162747.0,162553.0,0.09936125487371268
3756,162747.0,163477.0,0.09961202452408406
3757,162747.0,167151.0,0.08979507317209323
3758,162747.0,177013.0,0.1843333475016731
3759,162747.0,176189.0,0.18039698273795143
3760,162747.0,177014.0,0.18039698273795143
3761,162747.0,257771.0,0.1616794641187391
3762,162747.0,163291.0,0.18954106003757856
3763,162748.0,256243.0,0.21657170310194893
3764,162748.0,257144.0,0.21087130693877043
3765,162748.0,162545.0,0.21194110185958057
3766,162748.0,254494.0,0.21206805169508625
3767,162748.0,228435.0,0.21206805169508625
3768,162748.0,172883.0,0.21281098844875687
3769,162748.0,226943.0,0.21256719330524246
3770,162748.0,162546.0,0.21256719330524246
3771,162748.0,258850.0,0.2141176014870446
3772,162748.0,258851.0,0.2148221022765141
3773,162748.0,178641.0,0.2042730637405622
3774,162748.0,178642.0,0.21175648473934444
3775,162748.0,162738.0,0.2248742181090777
3776,162748.0,172884.0,0.21821749726392412
3777,162748.0,162739.0,0.20767770561586943
3778,162748.0,178643.0,0.2109409165539525
3779,162748.0,225458.0,0.21225108187162078
3780,162748.0,225459.0,0.20450543340122468
3781,162748.0,225460.0,0.20450543340122468
3782,162748.0,258852.0,0.21395322008252415
3783,162748.0,163284.0,0.22094757109239724
3784,162748.0,257772.0,0.21397116000401228
3785,162748.0,167145.0,0.22583414635580276
3786,162748.0,163286.0,0.2416878377717552
3787,162748.0,178645.0,0.20773364313378098
3788,162748.0,176858.0,0.256689491797233
3789,162748.0,172920.0,0.2610926457833862
3790,162748.0,172885.0,0.2707720169338972
3791,162748.0,162551.0,0.2592313092547639
3792,162748.0,256210.0,0.2592313092547639
3793,162748.0,255516.0,0.24047292683450236
3794,162748.0,162744.0,0.2527068672844666
3795,162748.0,258861.0,0.2527068672844666
3796,162748.0,264985.0,0.24977352828240046
3797,162748.0,162745.0,0.21586300053764065
3798,162748.0,162746.0,0.20581608287067477
3799,162748.0,258862.0,0.2049821637886145
3800,162748.0,162552.0,0.17946732518688283
3801,162748.0,258863.0,0.14396731599716467
3802,162748.0,163471.0,0.14287812894718108
3803,162748.0,173214.0,0.13744406700436226
3804,162748.0,255915.0,0.060021637992930914
3805,162748.0,254310.0,0.054784360499114
3806,162748.0,178581.0,0.11242686277880198
3807,162748.0,163472.0,0.1270194386903448
3808,162748.0,254999.0,0.11729502746242935
3809,162748.0,258864.0,0.12029483921362441
3810,162748.0,257387.0,0.1118261623391023
3811,162748.0,225465.0,0.10050947482192224
3812,162748.0,228316.0,0.10050947482192224
3813,162748.0,255517.0,0.11925538767517291
3814,162748.0,176188.0,0.10129720003853246
3815,162748.0,162747.0,0.09770033908289512
3816,162748.0,162748.0,0.0
3817,162748.0,163473.0,0.0
3818,162748.0,162749.0,0.0
3819,162748.0,163290.0,0.0
3820,162748.0,163474.0,0.0
3821,162748.0,163475.0,0.0
3822,162748.0,163476.0,0.0
3823,162748.0,179506.0,0.0
3824,162748.0,179507.0,0.0
3825,162748.0,258865.0,0.0
3826,162748.0,162553.0,0.07182285349494462
3827,162748.0,163477.0,0.07208604391187867
3828,162748.0,167151.0,0.11076542224073205
3829,162748.0,177013.0,0.2156459621800859
3830,162748.0,176189.0,0.2178277603042507
3831,162748.0,177014.0,0.2178277603042507
3832,162748.0,257771.0,0.2004105837693406
3833,162748.0,163291.0,0.2154704878705795
3834,163473.0,256243.0,0.21657170310194893
3835,163473.0,257144.0,0.21087130693877043
3836,163473.0,162545.0,0.21194110185958057
3837,163473.0,254494.0,0.21206805169508625
3838,163473.0,228435.0,0.21206805169508625
3839,163473.0,172883.0,0.21281098844875687
3840,163473.0,226943.0,0.21256719330524246
3841,163473.0,162546.0,0.21256719330524246
3842,163473.0,258850.0,0.2141176014870446
3843,163473.0,258851.0,0.2148221022765141
3844,163473.0,178641.0,0.2042730637405622
3845,163473.0,178642.0,0.21175648473934444
3846,163473.0,162738.0,0.2248742181090777
3847,163473.0,172884.0,0.21821749726392412
3848,163473.0,162739.0,0.20767770561586943
3849,163473.0,178643.0,0.2109409165539525
3850,163473.0,225458.0,0.21225108187162078
3851,163473.0,225459.0,0.20450543340122468
3852,163473.0,225460.0,0.20450543340122468
3853,163473.0,258852.0,0.21395322008252415
3854,163473.0,163284.0,0.22094757109239724
3855,163473.0,257772.0,0.21397116000401228
3856,163473.0,167145.0,0.22583414635580276
3857,163473.0,163286.0,0.2416878377717552
3858,163473.0,178645.0,0.20773364313378098
3859,163473.0,176858.0,0.256689491797233
3860,163473.0,172920.0,0.2610926457833862
3861,163473.0,172885.0,0.2707720169338972
3862,163473.0,162551.0,0.2592313092547639
3863,163473.0,256210.0,0.2592313092547639
3864,163473.0,255516.0,0.24047292683450236
3865,163473.0,162744.0,0.2527068672844666
3866,163473.0,258861.0,0.2527068672844666
3867,163473.0,264985.0,0.24977352828240046
3868,163473.0,162745.0,0.21586300053764065
3869,163473.0,162746.0,0.20581608287067477
3870,163473.0,258862.0,0.2049821637886145
3871,163473.0,162552.0,0.17946732518688283
3872,163473.0,258863.0,0.14396731599716467
3873,163473.0,163471.0,0.14287812894718108
3874,163473.0,173214.0,0.13744406700436226
3875,163473.0,255915.0,0.060021637992930914
3876,163473.0,254310.0,0.054784360499114
3877,163473.0,178581.0,0.11242686277880198
3878,163473.0,163472.0,0.1270194386903448
3879,163473.0,254999.0,0.11729502746242935
3880,163473.0,258864.0,0.12029483921362441
3881,163473.0,257387.0,0.1118261623391023
3882,163473.0,225465.0,0.10050947482192224
3883,163473.0,228316.0,0.10050947482192224
3884,163473.0,255517.0,0.11925538767517291
3885,163473.0,176188.0,0.10129720003853246
3886,163473.0,162747.0,0.09770033908289512
3887,163473.0,162748.0,0.0
3888,163473.0,163473.0,0.0
3889,163473.0,162749.0,0.0
3890,163473.0,163290.0,0.0
3891,163473.0,163474.0,0.0
3892,163473.0,163475.0,0.0
3893,163473.0,163476.0,0.0
3894,163473.0,179506.0,0.0
3895,163473.0,179507.0,0.0
3896,163473.0,258865.0,0.0
3897,163473.0,162553.0,0.07182285349494462
3898,163473.0,163477.0,0.07208604391187867
3899,163473.0,167151.0,0.11076542224073205
3900,163473.0,177013.0,0.2156459621800859
3901,163473.0,176189.0,0.2178277603042507
3902,163473.0,177014.0,0.2178277603042507
3903,163473.0,257771.0,0.2004105837693406
3904,163473.0,163291.0,0.2154704878705795
3905,162749.0,256243.0,0.20875752824852384
3906,162749.0,257144.0,0.20293463029656078
3907,162749.0,162545.0,0.20404021342466724
3908,162749.0,254494.0,0.20416395594025194
3909,162749.0,228435.0,0.20416395594025194
3910,162749.0,172883.0,0.20489702026473489
3911,162749.0,226943.0,0.20465498582124705
3912,162749.0,162546.0,0.20465498582124705
3913,162749.0,258850.0,0.2062051459954457
3914,162749.0,258851.0,0.20691330577244946
3915,162749.0,178641.0,0.1965026505820466
3916,162749.0,178642.0,0.2039753922971432
3917,162749.0,162738.0,0.21715441899705215
3918,162749.0,172884.0,0.2102344232596707
3919,162749.0,162739.0,0.19973550139361151
3920,162749.0,178643.0,0.20310179037363535
3921,162749.0,225458.0,0.20438302288637497
3922,162749.0,225459.0,0.19666675635766287
3923,162749.0,225460.0,0.19666675635766287
3924,162749.0,258852.0,0.20602066694609023
3925,162749.0,163284.0,0.2129811721097567
3926,162749.0,257772.0,0.20596000759557218
3927,162749.0,167145.0,0.2177442319757845
3928,162749.0,163286.0,0.23381813039425905
3929,162749.0,178645.0,0.19959381194475886
3930,162749.0,176858.0,0.2494357526399002
3931,162749.0,172920.0,0.25393077888712895
3932,162749.0,172885.0,0.26351486519623446
3933,162749.0,162551.0,0.25205979171659276
3934,162749.0,256210.0,0.25205979171659276
3935,162749.0,255516.0,0.23314144637646542
3936,162749.0,162744.0,0.24552456787929713
3937,162749.0,258861.0,0.24552456787929713
3938,162749.0,264985.0,0.24257437216286895
3939,162749.0,162745.0,0.20793001234575456
3940,162749.0,162746.0,0.19794754878348025
3941,162749.0,258862.0,0.19711319016760984
3942,162749.0,162552.0,0.17192248424023357
3943,162749.0,258863.0,0.1368188921252487
3944,162749.0,163471.0,0.1355891207926244
3945,162749.0,173214.0,0.13027654840993902
3946,162749.0,255915.0,0.05255555492798259
3947,162749.0,254310.0,0.0
3948,162749.0,178581.0,0.11107546828153846
3949,162749.0,163472.0,0.12445050215468181
3950,162749.0,254999.0,0.11332023556389756
3951,162749.0,258864.0,0.1165607429425551
3952,162749.0,257387.0,0.10958906698578354
3953,162749.0,225465.0,0.09816105796429117
3954,162749.0,228316.0,0.09816105796429117
3955,162749.0,255517.0,0.11723427324977381
3956,162749.0,176188.0,0.09858137581127192
3957,162749.0,162747.0,0.09619980569528373
3958,162749.0,162748.0,0.0
3959,162749.0,163473.0,0.0
3960,162749.0,162749.0,0.0
3961,162749.0,163290.0,0.0
3962,162749.0,163474.0,0.0
3963,162749.0,163475.0,0.0
3964,162749.0,163476.0,0.0
3965,162749.0,179506.0,0.0
3966,162749.0,179507.0,0.0
3967,162749.0,258865.0,0.0
3968,162749.0,162553.0,0.0637503493081074
3969,162749.0,163477.0,0.06401096059626109
3970,162749.0,167151.0,0.10353881403801479
3971,162749.0,177013.0,0.20794393471211034
3972,162749.0,176189.0,0.2103036404274816
3973,162749.0,177014.0,0.2103036404274816
3974,162749.0,257771.0,0.19300077954465963
3975,162749.0,163291.0,0.20763237729368383
3976,163290.0,256243.0,0.18848179823443492
3977,163290.0,257144.0,0.18496560859356648
3978,163290.0,162545.0,0.18534324037970598
3979,163290.0,254494.0,0.18552626265927546
3980,163290.0,228435.0,0.18552626265927546
3981,163290.0,172883.0,0.18643913862240244
3982,163290.0,226943.0,0.1861664490681022
3983,163290.0,162546.0,0.1861664490681022
3984,163290.0,258850.0,0.18769746803797582
3985,163290.0,258851.0,0.18832374371096927
3986,163290.0,178641.0,0.17573139358156142
3987,163290.0,178642.0,0.18325236953814125
3988,163290.0,162738.0,0.19536866607110992
3989,163290.0,172884.0,0.19317766285761245
3990,163290.0,162739.0,0.18193468774001312
3991,163290.0,178643.0,0.18331767937744023
3992,163290.0,225458.0,0.1850782814005059
3993,163290.0,225459.0,0.17697638954923078
3994,163290.0,225460.0,0.17697638954923078
3995,163290.0,258852.0,0.18791770684009354
3996,163290.0,163284.0,0.1954982911333779
3997,163290.0,257772.0,0.1896714494491817
3998,163290.0,167145.0,0.20381687450484098
3999,163290.0,163286.0,0.21415494674463742
4000,163290.0,178645.0,0.1892805747616791
4001,163290.0,176858.0,0.22236851731233137
4002,163290.0,172920.0,0.2260807879750717
4003,163290.0,172885.0,0.23638572574540118
4004,163290.0,162551.0,0.2242982697100229
4005,163290.0,256210.0,0.2242982697100229
4006,163290.0,255516.0,0.20688196233275366
4007,163290.0,162744.0,0.21789256347397953
4008,163290.0,258861.0,0.21789256347397953
4009,163290.0,264985.0,0.21509975852027627
4010,163290.0,162745.0,0.18980655367295485
4011,163290.0,162746.0,0.1787528389314766
4012,163290.0,258862.0,0.17794002005917153
4013,163290.0,162552.0,0.14862242554705946
4014,163290.0,258863.0,0.11035681018972879
4015,163290.0,163471.0,0.11044625829962092
4016,163290.0,173214.0,0.10416555854008361
4017,163290.0,255915.0,0.0
4018,163290.0,254310.0,0.0
4019,163290.0,178581.0,0.07232998159925186
4020,163290.0,163472.0,0.08456531425451778
4021,163290.0,254999.0,0.07410894123807814
4022,163290.0,258864.0,0.07706737763774123
4023,163290.0,257387.0,0.06988387182443057
4024,163290.0,225465.0,0.058417301542235234
4025,163290.0,228316.0,0.058417301542235234
4026,163290.0,255517.0,0.07766861684210154
4027,163290.0,176188.0,0.058678523404281424
4028,163290.0,162747.0,0.05739663200624876
4029,163290.0,162748.0,0.0
4030,163290.0,163473.0,0.0
4031,163290.0,162749.0,0.0
4032,163290.0,163290.0,0.0
4033,163290.0,163474.0,0.0
4034,163290.0,163475.0,0.0
4035,163290.0,163476.0,0.0
4036,163290.0,179506.0,0.0
4037,163290.0,179507.0,0.0
4038,163290.0,258865.0,0.0
4039,163290.0,162553.0,0.05801467961282386
4040,163290.0,163477.0,0.05832220433916066
4041,163290.0,167151.0,0.0790634615580209
4042,163290.0,177013.0,0.18603317745867867
4043,163290.0,176189.0,0.18619867786402267
4044,163290.0,177014.0,0.18619867786402267
4045,163290.0,257771.0,0.16791455348961315
4046,163290.0,163291.0,0.1877640922465411
4047,163474.0,256243.0,0.18878146997392378
4048,163474.0,257144.0,0.18402836021809432
4049,163474.0,162545.0,0.18478850144410244
4050,163474.0,254494.0,0.18494108757956634
4051,163474.0,228435.0,0.18494108757956634
4052,163474.0,172883.0,0.1857633195125784
4053,163474.0,226943.0,0.1855055796699004
4054,163474.0,162546.0,0.1855055796699004
4055,163474.0,258850.0,0.1870529014561678
4056,163474.0,258851.0,0.1877246751850006
4057,163474.0,178641.0,0.17624990424419804
4058,163474.0,178642.0,0.18377491325764292
4059,163474.0,162738.0,0.1965186939229779
4060,163474.0,172884.0,0.19180400784221407
4061,163474.0,162739.0,0.18089689307492587
4062,163474.0,178643.0,0.18333248469504537
4063,163474.0,225458.0,0.18484408715682837
4064,163474.0,225459.0,0.17691432023619594
4065,163474.0,225460.0,0.17691432023619594
4066,163474.0,258852.0,0.1870625146836134
4067,163474.0,163284.0,0.19435238564569016
4068,163474.0,257772.0,0.18789273203590703
4069,163474.0,167145.0,0.20092717375373223
4070,163474.0,163286.0,0.2142128740093886
4071,163474.0,178645.0,0.1846183970359924
4072,163474.0,176858.0,0.22665647928234725
4073,163474.0,172920.0,0.23085852627141168
4074,163474.0,172885.0,0.24073597640819028
4075,163474.0,162551.0,0.2290179253677437
4076,163474.0,256210.0,0.2290179253677437
4077,163474.0,255516.0,0.21064746168887258
4078,163474.0,162744.0,0.22252037894753535
4079,163474.0,258861.0,0.22252037894753535
4080,163474.0,264985.0,0.2196247914788813
4081,163474.0,162745.0,0.18896971936029233
4082,163474.0,162746.0,0.1784335999814905
4083,163474.0,258862.0,0.17760577677520423
4084,163474.0,162552.0,0.1504401926612308
4085,163474.0,258863.0,0.11386556667208157
4086,163474.0,163471.0,0.11312835204904553
4087,163474.0,173214.0,0.10740514470961311
4088,163474.0,255915.0,0.0
4089,163474.0,254310.0,0.0
4090,163474.0,178581.0,0.08975325014662944
4091,163474.0,163472.0,0.10091737465320154
4092,163474.0,254999.0,0.08824928082048407
4093,163474.0,258864.0,0.0916842448103535
4094,163474.0,257387.0,0.0866922869364992
4095,163474.0,225465.0,0.07521950875817447
4096,163474.0,228316.0,0.07521950875817447
4097,163474.0,255517.0,0.09461631555631703
4098,163474.0,176188.0,0.07505410595383967
4099,163474.0,162747.0,0.07484297388973023
4100,163474.0,162748.0,0.0
4101,163474.0,163473.0,0.0
4102,163474.0,162749.0,0.0
4103,163474.0,163290.0,0.0
4104,163474.0,163474.0,0.0
4105,163474.0,163475.0,0.0
4106,163474.0,163476.0,0.0
4107,163474.0,179506.0,0.0
4108,163474.0,179507.0,0.0
4109,163474.0,258865.0,0.0
4110,163474.0,162553.0,0.0
4111,163474.0,163477.0,0.0
4112,163474.0,167151.0,0.08099556669640534
4113,163474.0,177013.0,0.18722067589709226
4114,163474.0,176189.0,0.18863397726441755
4115,163474.0,177014.0,0.18863397726441755
4116,163474.0,257771.0,0.17086522604412102
4117,163474.0,163291.0,0.1878416085548435
4118,163475.0,256243.0,0.1736221843641962
4119,163475.0,257144.0,0.16869399363606483
4120,163475.0,162545.0,0.16950043379853616
4121,163475.0,254494.0,0.16964891335647928
4122,163475.0,228435.0,0.16964891335647928
4123,163475.0,172883.0,0.1704589927438117
4124,163475.0,226943.0,0.170203301543638
4125,163475.0,162546.0,0.170203301543638
4126,163475.0,258850.0,0.17175170477154755
4127,163475.0,258851.0,0.1724288754621531
4128,163475.0,178641.0,0.16114373951173047
4129,163475.0,178642.0,0.16866129385077572
4130,163475.0,162738.0,0.18151971699478409
4131,163475.0,172884.0,0.1764226122934506
4132,163475.0,162739.0,0.1655532409660483
4133,163475.0,178643.0,0.16812970225129595
4134,163475.0,225458.0,0.16960114506854904
4135,163475.0,225459.0,0.16170486396523476
4136,163475.0,225460.0,0.16170486396523476
4137,163475.0,258852.0,0.17173576958902415
4138,163475.0,163284.0,0.17899093481233605
4139,163475.0,257772.0,0.17248192005834476
4140,163475.0,167145.0,0.18547759200284958
4141,163475.0,163286.0,0.19899432463399386
4142,163475.0,178645.0,0.16925216884497066
4143,163475.0,176858.0,0.2125503670923544
4144,163475.0,172920.0,0.21693706781325586
4145,163475.0,172885.0,0.22663341804830972
4146,163475.0,162551.0,0.2150760104440483
4147,163475.0,256210.0,0.2150760104440483
4148,163475.0,255516.0,0.19637571043532143
4149,163475.0,162744.0,0.20855233251238586
4150,163475.0,258861.0,0.20855233251238586
4151,163475.0,264985.0,0.20562102224036888
4152,163475.0,162745.0,0.17364402481693145
4153,163475.0,162746.0,0.16318318231218726
4154,163475.0,258862.0,0.162353838614365
4155,163475.0,162552.0,0.13567936192713836
4156,163475.0,258863.0,0.09981213735821746
4157,163475.0,163471.0,0.09877385834099836
4158,163475.0,173214.0,0.0932911453390313
4159,163475.0,255915.0,0.0
4160,163475.0,254310.0,0.0
4161,163475.0,178581.0,0.09084879827775547
4162,163475.0,163472.0,0.09860452199444235
4163,163475.0,254999.0,0.08262905049381826
4164,163475.0,258864.0,0.08662082407173947
4165,163475.0,257387.0,0.0857305902819273
4166,163475.0,225465.0,0.07453465516405527
4167,163475.0,228316.0,0.07453465516405527
4168,163475.0,255517.0,0.09387822542667941
4169,163475.0,176188.0,0.07339344585123214
4170,163475.0,162747.0,0.07636628153359212
4171,163475.0,162748.0,0.0
4172,163475.0,163473.0,0.0
4173,163475.0,162749.0,0.0
4174,163475.0,163290.0,0.0
4175,163475.0,163474.0,0.0
4176,163475.0,163475.0,0.0
4177,163475.0,163476.0,0.0
4178,163475.0,179506.0,0.0
4179,163475.0,179507.0,0.0
4180,163475.0,258865.0,0.0
4181,163475.0,162553.0,0.0
4182,163475.0,163477.0,0.0
4183,163475.0,167151.0,0.0666376925264936
4184,163475.0,177013.0,0.17224060148946915
4185,163475.0,176189.0,0.17397150504502906
4186,163475.0,177014.0,0.17397150504502906
4187,163475.0,257771.0,0.15639428304405764
4188,163475.0,163291.0,0.1726452282534648
4189,163476.0,256243.0,0.17643147866887585
4190,163476.0,257144.0,0.17179183341468285
4191,163476.0,162545.0,0.17250977447245772
4192,163476.0,254494.0,0.17266558103467936
4193,163476.0,228435.0,0.17266558103467936
4194,163476.0,172883.0,0.1734978073536282
4195,163476.0,226943.0,0.17323834075152558
4196,163476.0,162546.0,0.17323834075152558
4197,163476.0,258850.0,0.17478457206511938
4198,163476.0,258851.0,0.1754517904275993
4199,163476.0,178641.0,0.1638831218648361
4200,163476.0,178642.0,0.1714098211149151
4201,163476.0,162738.0,0.18412806842256893
4202,163476.0,172884.0,0.17962776344258674
4203,163476.0,162739.0,0.1686710231410577
4204,163476.0,178643.0,0.17100155617999996
4205,163476.0,225458.0,0.17253456153568344
4206,163476.0,225459.0,0.16458725100424318
4207,163476.0,225460.0,0.16458725100424318
4208,163476.0,258852.0,0.17481773052461375
4209,163476.0,163284.0,0.18214671274473357
4210,163476.0,257772.0,0.175774320690485
4211,163476.0,167145.0,0.1890184287448139
4212,163476.0,163286.0,0.20188746863441565
4213,163476.0,178645.0,0.17313607117779578
4214,163476.0,176858.0,0.21436563757294075
4215,163476.0,172920.0,0.21862002637759212
4216,163476.0,172885.0,0.22844713205221384
4217,163476.0,162551.0,0.21677317248928893
4218,163476.0,256210.0,0.21677317248928893
4219,163476.0,255516.0,0.1983151423361141
4220,163476.0,162744.0,0.21026736186182343
4221,163476.0,258861.0,0.21026736186182343
4222,163476.0,264985.0,0.20736126642833108
4223,163476.0,162745.0,0.1767236592868598
4224,163476.0,162746.0,0.1661292936970787
4225,163476.0,258862.0,0.16530251410362928
4226,163476.0,162552.0,0.13803798892389912
4227,163476.0,258863.0,0.10156965063744323
4228,163476.0,163471.0,0.10076729303460175
4229,163476.0,173214.0,0.09509225823745444
4230,163476.0,255915.0,0.0
4231,163476.0,254310.0,0.0
4232,163476.0,178581.0,0.087021981554459
4233,163476.0,163472.0,0.09557280923051957
4234,163476.0,254999.0,0.08050464807352822
4235,163476.0,258864.0,0.08433356025731593
4236,163476.0,257387.0,0.0823349600912939
4237,163476.0,225465.0,0.07103864005806894
4238,163476.0,228316.0,0.07103864005806894
4239,163476.0,255517.0,0.09045208617676932
4240,163476.0,176188.0,0.07012298314839446
4241,163476.0,162747.0,0.0724169485643568
4242,163476.0,162748.0,0.0
4243,163476.0,163473.0,0.0
4244,163476.0,162749.0,0.0
4245,163476.0,163290.0,0.0
4246,163476.0,163474.0,0.0
4247,163476.0,163475.0,0.0
4248,163476.0,163476.0,0.0
4249,163476.0,179506.0,0.0
4250,163476.0,179507.0,0.0
4251,163476.0,258865.0,0.0
4252,163476.0,162553.0,0.0
4253,163476.0,163477.0,0.0
4254,163476.0,167151.0,0.0686246698286436
4255,163476.0,177013.0,0.17482774168876924
4256,163476.0,176189.0,0.17623809267606175
4257,163476.0,177014.0,0.17623809267606175
4258,163476.0,257771.0,0.1584919316799537
4259,163476.0,163291.0,0.1755072803798349
4260,179506.0,256243.0,0.1776349011535226
4261,179506.0,257144.0,0.17314197765750028
4262,179506.0,162545.0,0.1738149384456087
4263,179506.0,254494.0,0.17397442380496586
4264,179506.0,228435.0,0.17397442380496586
4265,179506.0,172883.0,0.1748177083686855
4266,179506.0,226943.0,0.17455637789986927
4267,179506.0,162546.0,0.17455637789986927
4268,179506.0,258850.0,0.17610122132662256
4269,179506.0,258851.0,0.17676327558947066
4270,179506.0,178641.0,0.16505406683881807
4271,179506.0,178642.0,0.17258369584980957
4272,179506.0,162738.0,0.1852290202981276
4273,179506.0,172884.0,0.18103111389207827
4274,179506.0,162739.0,0.17003187642204892
4275,179506.0,178643.0,0.17223758094779612
4276,179506.0,225458.0,0.17380133878986812
4277,179506.0,225459.0,0.1658299393532003
4278,179506.0,225460.0,0.1658299393532003
4279,179506.0,258852.0,0.1761592626731575
4280,179506.0,163284.0,0.18352450299966255
4281,179506.0,257772.0,0.1772228328816697
4282,179506.0,167145.0,0.1905927601243492
4283,179506.0,163286.0,0.20312892584120926
4284,179506.0,178645.0,0.17489129965516803
4285,179506.0,176858.0,0.21506611324232122
4286,179506.0,172920.0,0.2192543735439468
4287,179506.0,172885.0,0.22914464547242672
4288,179506.0,162551.0,0.21741483935079203
4289,179506.0,256210.0,0.21741483935079203
4290,179506.0,255516.0,0.1990799644865513
4291,179506.0,162744.0,0.21091896156066534
4292,179506.0,258861.0,0.21091896156066534
4293,179506.0,264985.0,0.20802584039602798
4294,179506.0,162745.0,0.17806366949440525
4295,179506.0,162746.0,0.1674037818575932
4296,179506.0,258862.0,0.16657847124652944
4297,179506.0,162552.0,0.1390264730671813
4298,179506.0,258863.0,0.10228122980414735
4299,179506.0,163471.0,0.1015948773684509
4300,179506.0,173214.0,0.09583023380014838
4301,179506.0,255915.0,0.0
4302,179506.0,254310.0,0.0
4303,179506.0,178581.0,0.08507120298706784
4304,179506.0,163472.0,0.0939855378447367
4305,179506.0,254999.0,0.07935939288268655
4306,179506.0,258864.0,0.08310666207113546
4307,179506.0,257387.0,0.0805850312910931
4308,179506.0,225465.0,0.06924925496797259
4309,179506.0,228316.0,0.06924925496797259
4310,179506.0,255517.0,0.0886836682349409
4311,179506.0,176188.0,0.06844071898538953
4312,179506.0,162747.0,0.07041675313981162
4313,179506.0,162748.0,0.0
4314,179506.0,163473.0,0.0
4315,179506.0,162749.0,0.0
4316,179506.0,163290.0,0.0
4317,179506.0,163474.0,0.0
4318,179506.0,163475.0,0.0
4319,179506.0,163476.0,0.0
4320,179506.0,179506.0,0.0
4321,179506.0,179507.0,0.0
4322,179506.0,258865.0,0.0
4323,179506.0,162553.0,0.0
4324,179506.0,163477.0,0.0
4325,179506.0,167151.0,0.06948314707619527
4326,179506.0,177013.0,0.17591993348800003
4327,179506.0,176189.0,0.17716996102618676
4328,179506.0,177014.0,0.17716996102618676
4329,179506.0,257771.0,0.15934446516874418
4330,179506.0,163291.0,0.17673746711181854
4331,179507.0,256243.0,0.1776349011535226
4332,179507.0,257144.0,0.17314197765750028
4333,179507.0,162545.0,0.1738149384456087
4334,179507.0,254494.0,0.17397442380496586
4335,179507.0,228435.0,0.17397442380496586
4336,179507.0,172883.0,0.1748177083686855
4337,179507.0,226943.0,0.17455637789986927
4338,179507.0,162546.0,0.17455637789986927
4339,179507.0,258850.0,0.17610122132662256
4340,179507.0,258851.0,0.17676327558947066
4341,179507.0,178641.0,0.16505406683881807
4342,179507.0,178642.0,0.17258369584980957
4343,179507.0,162738.0,0.1852290202981276
4344,179507.0,172884.0,0.18103111389207827
4345,179507.0,162739.0,0.17003187642204892
4346,179507.0,178643.0,0.17223758094779612
4347,179507.0,225458.0,0.17380133878986812
4348,179507.0,225459.0,0.1658299393532003
4349,179507.0,225460.0,0.1658299393532003
4350,179507.0,258852.0,0.1761592626731575
4351,179507.0,163284.0,0.18352450299966255
4352,179507.0,257772.0,0.1772228328816697
4353,179507.0,167145.0,0.1905927601243492
4354,179507.0,163286.0,0.20312892584120926
4355,179507.0,178645.0,0.17489129965516803
4356,179507.0,176858.0,0.21506611324232122
4357,179507.0,172920.0,0.2192543735439468
4358,179507.0,172885.0,0.22914464547242672
4359,179507.0,162551.0,0.21741483935079203
4360,179507.0,256210.0,0.21741483935079203
4361,179507.0,255516.0,0.1990799644865513
4362,179507.0,162744.0,0.21091896156066534
4363,179507.0,258861.0,0.21091896156066534
4364,179507.0,264985.0,0.20802584039602798
4365,179507.0,162745.0,0.17806366949440525
4366,179507.0,162746.0,0.1674037818575932
4367,179507.0,258862.0,0.16657847124652944
4368,179507.0,162552.0,0.1390264730671813
4369,179507.0,258863.0,0.10228122980414735
4370,179507.0,163471.0,0.1015948773684509
4371,179507.0,173214.0,0.09583023380014838
4372,179507.0,255915.0,0.0
4373,179507.0,254310.0,0.0
4374,179507.0,178581.0,0.08507120298706784
4375,179507.0,163472.0,0.0939855378447367
4376,179507.0,254999.0,0.07935939288268655
4377,179507.0,258864.0,0.08310666207113546
4378,179507.0,257387.0,0.0805850312910931
4379,179507.0,225465.0,0.06924925496797259
4380,179507.0,228316.0,0.06924925496797259
4381,179507.0,255517.0,0.0886836682349409
4382,179507.0,176188.0,0.06844071898538953
4383,179507.0,162747.0,0.07041675313981162
4384,179507.0,162748.0,0.0
4385,179507.0,163473.0,0.0
4386,179507.0,162749.0,0.0
4387,179507.0,163290.0,0.0
4388,179507.0,163474.0,0.0
4389,179507.0,163475.0,0.0
4390,179507.0,163476.0,0.0
4391,179507.0,179506.0,0.0
4392,179507.0,179507.0,0.0
4393,179507.0,258865.0,0.0
4394,179507.0,162553.0,0.0
4395,179507.0,163477.0,0.0
4396,179507.0,167151.0,0.06948314707619527
4397,179507.0,177013.0,0.17591993348800003
4398,179507.0,176189.0,0.17716996102618676
4399,179507.0,177014.0,0.17716996102618676
4400,179507.0,257771.0,0.15934446516874418
4401,179507.0,163291.0,0.17673746711181854
4402,258865.0,256243.0,0.1788612721349774
4403,258865.0,257144.0,0.174513494966784
4404,258865.0,162545.0,0.1751420808078551
4405,258865.0,254494.0,0.17530516965254225
4406,258865.0,228435.0,0.17530516965254225
4407,258865.0,172883.0,0.17615924121813448
4408,258865.0,226943.0,0.1758961072026033
4409,258865.0,162546.0,0.1758961072026033
4410,258865.0,258850.0,0.17743939466781455
4411,258865.0,258851.0,0.17809628165132735
4412,258865.0,178641.0,0.16625016520797978
4413,258865.0,178642.0,0.17378159421033393
4414,258865.0,162738.0,0.18635326527754198
4415,258865.0,172884.0,0.18245410408903232
4416,258865.0,162739.0,0.1714143198383092
4417,258865.0,178643.0,0.17349680537179688
4418,258865.0,225458.0,0.17509066484005736
4419,258865.0,225459.0,0.16709661719371424
4420,258865.0,225460.0,0.16709661719371424
4421,258865.0,258852.0,0.17752193624883422
4422,258865.0,163284.0,0.1849220553349458
4423,258865.0,257772.0,0.17869067762258983
4424,258865.0,167145.0,0.19218308748151286
4425,258865.0,163286.0,0.20439000999954968
4426,258865.0,178645.0,0.17666051991912632
4427,258865.0,176858.0,0.21579004790312126
4428,258865.0,172920.0,0.2199121413875089
4429,258865.0,172885.0,0.2298641994604694
4430,258865.0,162551.0,0.2180800808235089
4431,258865.0,256210.0,0.2180800808235089
4432,258865.0,255516.0,0.19986964258173737
4433,258865.0,162744.0,0.21159479776017853
4434,258865.0,258861.0,0.21159479776017853
4435,258865.0,264985.0,0.20871490348437244
4436,258865.0,162745.0,0.1794246196676327
4437,258865.0,162746.0,0.16870155670456186
4438,258865.0,258862.0,0.16787780703168165
4439,258865.0,162552.0,0.14004763160334446
4440,258865.0,258863.0,0.10304179268545362
4441,258865.0,163471.0,0.10246997557608116
4442,258865.0,173214.0,0.09662005414134003
4443,258865.0,255915.0,0.0
4444,258865.0,254310.0,0.0
4445,258865.0,178581.0,0.08314143875555617
4446,258865.0,163472.0,0.09243108664208086
4447,258865.0,254999.0,0.07826834038482286
4448,258865.0,258864.0,0.08192917776721222
4449,258865.0,257387.0,0.07886668402775505
4450,258865.0,225465.0,0.06749470494576604
4451,258865.0,228316.0,0.06749470494576604
4452,258865.0,255517.0,0.08694314869443331
4453,258865.0,176188.0,0.0667992231931156
4454,258865.0,162747.0,0.06843923394479484
4455,258865.0,162748.0,0.0
4456,258865.0,163473.0,0.0
4457,258865.0,162749.0,0.0
4458,258865.0,163290.0,0.0
4459,258865.0,163474.0,0.0
4460,258865.0,163475.0,0.0
4461,258865.0,163476.0,0.0
4462,258865.0,179506.0,0.0
4463,258865.0,179507.0,0.0
4464,258865.0,258865.0,0.0
4465,258865.0,162553.0,0.0
4466,258865.0,163477.0,0.0
4467,258865.0,167151.0,0.07041004984302555
4468,258865.0,177013.0,0.177036752848134
4469,258865.0,176189.0,0.17812812806994976
4470,258865.0,177014.0,0.17812812806994976
4471,258865.0,257771.0,0.16022711964141076
4472,258865.0,163291.0,0.17799034864723068
4473,162553.0,256243.0,0.14603613926743272
4474,162553.0,257144.0,0.13955770104811768
4475,162553.0,162545.0,0.1408379531978261
4476,162553.0,254494.0,0.14094498518001922
4477,162553.0,228435.0,0.14094498518001922
4478,162553.0,172883.0,0.1416271511554838
4479,162553.0,226943.0,0.14139421944751296
4480,162553.0,162546.0,0.14139421944751296
4481,162553.0,258850.0,0.14294116629756418
4482,162553.0,258851.0,0.14366675110790747
4483,162553.0,178641.0,0.13409526709646816
4484,162553.0,178642.0,0.14147321764878307
4485,162553.0,162738.0,0.15500654582042117
4486,162553.0,172884.0,0.14666021411278554
4487,162553.0,162739.0,0.13633634035498177
4488,162553.0,178643.0,0.14024480058618538
4489,162553.0,225458.0,0.14135705693187722
4490,162553.0,225459.0,0.13382811989110646
4491,162553.0,225460.0,0.13382811989110646
4492,162553.0,258852.0,0.14265977753112052
4493,162553.0,163284.0,0.14946841287779256
4494,162553.0,257772.0,0.1422972052894063
4495,162553.0,167145.0,0.15401843067903015
4496,162553.0,163286.0,0.1707378811202449
4497,162553.0,178645.0,0.13638596870496045
4498,162553.0,176858.0,0.19048095926406702
4499,162553.0,172920.0,0.19564500335555213
4500,162553.0,172885.0,0.2044427643399947
4501,162553.0,162551.0,0.19371409622518532
4502,162553.0,256210.0,0.19371409622518532
4503,162553.0,255516.0,0.17371203329145068
4504,162553.0,162744.0,0.18714697341909978
4505,162553.0,258861.0,0.18714697341909978
4506,162553.0,264985.0,0.1840901387983311
4507,162553.0,162745.0,0.14456517550422077
4508,162553.0,162746.0,0.13493152166289912
4509,162553.0,258862.0,0.13409638728624124
4510,162553.0,162552.0,0.11137363934436995
4511,162553.0,258863.0,0.08085450434622947
4512,162553.0,163471.0,0.07822983877535084
4513,162553.0,173214.0,0.07443578335961737
4514,162553.0,255915.0,0.0
4515,162553.0,254310.0,0.0
4516,162553.0,178581.0,0.11226247366120382
4517,162553.0,163472.0,0.1136828779920551
4518,162553.0,254999.0,0.09227282979475719
4519,162553.0,258864.0,0.09708938789113049
4520,162553.0,257387.0,0.10413473599792565
4521,162553.0,225465.0,0.09431813521890195
4522,162553.0,228316.0,0.09431813521890195
4523,162553.0,255517.0,0.11210523789086509
4524,162553.0,176188.0,0.0916706150559469
4525,162553.0,162747.0,0.09936125487371268
4526,162553.0,162748.0,0.07182285349494462
4527,162553.0,163473.0,0.07182285349494462
4528,162553.0,162749.0,0.0637503493081074
4529,162553.0,163290.0,0.05801467961282386
4530,162553.0,163474.0,0.0
4531,162553.0,163475.0,0.0
4532,162553.0,163476.0,0.0
4533,162553.0,179506.0,0.0
4534,162553.0,179507.0,0.0
4535,162553.0,258865.0,0.0
4536,162553.0,162553.0,0.0
4537,162553.0,163477.0,0.0
4538,162553.0,167151.0,0.0
4539,162553.0,177013.0,0.14595017753780237
4540,162553.0,176189.0,0.14957677364032876
4541,162553.0,177014.0,0.14957677364032876
4542,162553.0,257771.0,0.1333170553679086
4543,162553.0,163291.0,0.144771136107325
4544,163477.0,256243.0,0.1458174524210131
4545,163477.0,257144.0,0.13932131327003594
4546,163477.0,162545.0,0.14060711060665268
4547,163477.0,254494.0,0.1407136401687247
4548,163477.0,228435.0,0.1407136401687247
4549,163477.0,172883.0,0.1413942233291107
4550,163477.0,226943.0,0.1411615831146442
4551,163477.0,162546.0,0.1411615831146442
4552,163477.0,258850.0,0.14270837766768005
4553,163477.0,258851.0,0.14343447496729236
4554,163477.0,178641.0,0.13388415420200397
4555,163477.0,178642.0,0.1412596237390314
4556,163477.0,162738.0,0.15479929991258293
4557,163477.0,172884.0,0.14641574565678447
4558,163477.0,162739.0,0.1360992642822082
4559,163477.0,178643.0,0.14002320075969354
4560,163477.0,225458.0,0.14113111959244817
4561,163477.0,225459.0,0.13360730222651418
4562,163477.0,225460.0,0.13360730222651418
4563,163477.0,258852.0,0.1424238494980948
4564,163477.0,163284.0,0.1492266271028604
4565,163477.0,257772.0,0.1420479143640638
4566,163477.0,167145.0,0.1537527763290047
4567,163477.0,163286.0,0.17050947156251192
4568,163477.0,178645.0,0.136102721807324
4569,163477.0,176858.0,0.19031886711748952
4570,163477.0,172920.0,0.1954906097113915
4571,163477.0,172885.0,0.20427820743822334
4572,163477.0,162551.0,0.19355914806395838
4573,163477.0,256210.0,0.19355914806395838
4574,163477.0,255516.0,0.17354527274884823
4575,163477.0,162744.0,0.18699219542855214
4576,163477.0,258861.0,0.18699219542855214
4577,163477.0,264985.0,0.18393434441794274
4578,163477.0,162745.0,0.14432905709974347
4579,163477.0,162746.0,0.13470613863910047
4580,163477.0,258862.0,0.13387102353031055
4581,163477.0,162552.0,0.11119832676190666
4582,163477.0,258863.0,0.08075237684419338
4583,163477.0,163471.0,0.0781108458721612
4584,163477.0,173214.0,0.07433895459902662
4585,163477.0,255915.0,0.0
4586,163477.0,254310.0,0.0
4587,163477.0,178581.0,0.11249975158897471
4588,163477.0,163472.0,0.1138753162317408
4589,163477.0,254999.0,0.09243346866749778
4590,163477.0,258864.0,0.09725384301445608
4591,163477.0,257387.0,0.10435392689016532
4592,163477.0,225465.0,0.09454999351437891
4593,163477.0,228316.0,0.09454999351437891
4594,163477.0,255517.0,0.11232076636078883
4595,163477.0,176188.0,0.09189358083555313
4596,163477.0,162747.0,0.09961202452408406
4597,163477.0,162748.0,0.07208604391187867
4598,163477.0,163473.0,0.07208604391187867
4599,163477.0,162749.0,0.06401096059626109
4600,163477.0,163290.0,0.05832220433916066
4601,163477.0,163474.0,0.0
4602,163477.0,163475.0,0.0
4603,163477.0,163476.0,0.0
4604,163477.0,179506.0,0.0
4605,163477.0,179507.0,0.0
4606,163477.0,258865.0,0.0
4607,163477.0,162553.0,0.0
4608,163477.0,163477.0,0.0
4609,163477.0,167151.0,0.0
4610,163477.0,177013.0,0.1457464183101865
4611,163477.0,176189.0,0.1493939279021462
4612,163477.0,177014.0,0.1493939279021462
4613,163477.0,257771.0,0.13315129005856305
4614,163477.0,163291.0,0.14454921535967366
4615,167151.0,256243.0,0.10947641931154596
4616,167151.0,257144.0,0.10659402829582648
4617,167151.0,162545.0,0.10670368259852972
4618,167151.0,254494.0,0.10690466679948314
4619,167151.0,228435.0,0.10690466679948314
4620,167151.0,172883.0,0.10787134485194975
4621,167151.0,226943.0,0.10759017348419134
4622,167151.0,162546.0,0.10759017348419134
4623,167151.0,258850.0,0.10910338741301716
4624,167151.0,258851.0,0.10969823959271197
4625,167151.0,178641.0,0.09669712476909612
4626,167151.0,178642.0,0.10421110888996848
4627,167151.0,162738.0,0.11633409337943162
4628,167151.0,172884.0,0.11512157881627935
4629,167151.0,162739.0,0.10366499359666452
4630,167151.0,178643.0,0.1044057635148546
4631,167151.0,225458.0,0.10626615330782936
4632,167151.0,225459.0,0.09811190993303759
4633,167151.0,225460.0,0.09811190993303759
4634,167151.0,258852.0,0.10946672466089943
4635,167151.0,163284.0,0.11722825252535853
4636,167151.0,257772.0,0.11205838764935006
4637,167151.0,167145.0,0.12747963459959927
4638,167151.0,163286.0,0.13517879802904254
4639,167151.0,178645.0,0.11660021913560557
4640,167151.0,176858.0,0.1459247792503406
4641,167151.0,172920.0,0.1503959063611544
4642,167151.0,172885.0,0.16000703576179945
4643,167151.0,162551.0,0.1485225579393723
4644,167151.0,256210.0,0.1485225579393723
4645,167151.0,255516.0,0.1297442359745001
4646,167151.0,162744.0,0.1419859831202153
4647,167151.0,258861.0,0.1419859831202153
4648,167151.0,264985.0,0.13903625591206956
4649,167151.0,162745.0,0.11133209506000023
4650,167151.0,162746.0,0.10000607623709963
4651,167151.0,258862.0,0.09920469899810333
4652,167151.0,162552.0,0.06972975298244721
4653,167151.0,258863.0,0.0
4654,167151.0,163471.0,0.0
4655,167151.0,173214.0,0.0
4656,167151.0,255915.0,0.051151556925766416
4657,167151.0,254310.0,0.05599535199152244
4658,167151.0,178581.0,0.09771928978940948
4659,167151.0,163472.0,0.08918759472582696
4660,167151.0,254999.0,0.06424725954861954
4661,167151.0,258864.0,0.06912190260665767
4662,167151.0,257387.0,0.08620677065983683
4663,167151.0,225465.0,0.08061514902739848
4664,167151.0,228316.0,0.08061514902739848
4665,167151.0,255517.0,0.09251871851412304
4666,167151.0,176188.0,0.07627295216474168
4667,167151.0,162747.0,0.08979507317209323
4668,167151.0,162748.0,0.11076542224073205
4669,167151.0,163473.0,0.11076542224073205
4670,167151.0,162749.0,0.10353881403801479
4671,167151.0,163290.0,0.0790634615580209
4672,167151.0,163474.0,0.08099556669640534
4673,167151.0,163475.0,0.0666376925264936
4674,167151.0,163476.0,0.0686246698286436
4675,167151.0,179506.0,0.06948314707619527
4676,167151.0,179507.0,0.06948314707619527
4677,167151.0,258865.0,0.07041004984302555
4678,167151.0,162553.0,0.0
4679,167151.0,163477.0,0.0
4680,167151.0,167151.0,0.0
4681,167151.0,177013.0,0.10699929420050024
4682,167151.0,176189.0,0.10771958765490516
4683,167151.0,177014.0,0.10771958765490516
4684,167151.0,257771.0,0.08986967237180186
4685,167151.0,163291.0,0.10882106878774925
4686,177013.0,256243.0,0.0
4687,177013.0,257144.0,0.0
4688,177013.0,162545.0,0.0
4689,177013.0,254494.0,0.0
4690,177013.0,228435.0,0.0
4691,177013.0,172883.0,0.0
4692,177013.0,226943.0,0.0
4693,177013.0,162546.0,0.0
4694,177013.0,258850.0,0.0
4695,177013.0,258851.0,0.0
4696,177013.0,178641.0,0.0
4697,177013.0,178642.0,0.0
4698,177013.0,162738.0,0.0
4699,177013.0,172884.0,0.0
4700,177013.0,162739.0,0.0
4701,177013.0,178643.0,0.0
4702,177013.0,225458.0,0.0
4703,177013.0,225459.0,0.0
4704,177013.0,225460.0,0.0
4705,177013.0,258852.0,0.0
4706,177013.0,163284.0,0.0
4707,177013.0,257772.0,0.0
4708,177013.0,167145.0,0.0
4709,177013.0,163286.0,0.0
4710,177013.0,178645.0,0.062292892160581426
4711,177013.0,176858.0,0.05259444174041984
4712,177013.0,172920.0,0.05979105016306194
4713,177013.0,172885.0,0.06458495103936657
4714,177013.0,162551.0,0.05790481030829429
4715,177013.0,256210.0,0.05790481030829429
4716,177013.0,255516.0,0.0
4717,177013.0,162744.0,0.05233463823709742
4718,177013.0,258861.0,0.05233463823709742
4719,177013.0,264985.0,0.0
4720,177013.0,162745.0,0.0
4721,177013.0,162746.0,0.0
4722,177013.0,258862.0,0.0
4723,177013.0,162552.0,0.0
4724,177013.0,258863.0,0.07708537850040775
4725,177013.0,163471.0,0.07598290375300115
4726,177013.0,173214.0,0.0826588639912008
4727,177013.0,255915.0,0.1557647131751864
4728,177013.0,254310.0,0.16139733921614183
4729,177013.0,178581.0,0.18638964359387442
4730,177013.0,163472.0,0.1683677435446292
4731,177013.0,254999.0,0.14748141435121764
4732,177013.0,258864.0,0.1504589565352786
4733,177013.0,257387.0,0.1739896470916121
4734,177013.0,225465.0,0.17364419247625126
4735,177013.0,228316.0,0.17364419247625126
4736,177013.0,255517.0,0.17694535509227374
4737,177013.0,176188.0,0.16888004692072722
4738,177013.0,162747.0,0.1843333475016731
4739,177013.0,162748.0,0.2156459621800859
4740,177013.0,163473.0,0.2156459621800859
4741,177013.0,162749.0,0.20794393471211034
4742,177013.0,163290.0,0.18603317745867867
4743,177013.0,163474.0,0.18722067589709226
4744,177013.0,163475.0,0.17224060148946915
4745,177013.0,163476.0,0.17482774168876924
4746,177013.0,179506.0,0.17591993348800003
4747,177013.0,179507.0,0.17591993348800003
4748,177013.0,258865.0,0.177036752848134
4749,177013.0,162553.0,0.14595017753780237
4750,177013.0,163477.0,0.1457464183101865
4751,177013.0,167151.0,0.10699929420050024
4752,177013.0,177013.0,0.0
4753,177013.0,176189.0,0.0
4754,177013.0,177014.0,0.0
4755,177013.0,257771.0,0.0
4756,177013.0,163291.0,0.0
4757,176189.0,256243.0,0.0
4758,176189.0,257144.0,0.0
4759,176189.0,162545.0,0.0
4760,176189.0,254494.0,0.0
4761,176189.0,228435.0,0.0
4762,176189.0,172883.0,0.0
4763,176189.0,226943.0,0.0
4764,176189.0,162546.0,0.0
4765,176189.0,258850.0,0.0
4766,176189.0,258851.0,0.0
4767,176189.0,178641.0,0.0
4768,176189.0,178642.0,0.0
4769,176189.0,162738.0,0.0
4770,176189.0,172884.0,0.0
4771,176189.0,162739.0,0.0
4772,176189.0,178643.0,0.0
4773,176189.0,225458.0,0.0
4774,176189.0,225459.0,0.0
4775,176189.0,225460.0,0.0
4776,176189.0,258852.0,0.0
4777,176189.0,163284.0,0.0
4778,176189.0,257772.0,0.0
4779,176189.0,167145.0,0.06070661442429404
4780,176189.0,163286.0,0.0
4781,176189.0,178645.0,0.07551916651262999
4782,176189.0,176858.0,0.0
4783,176189.0,172920.0,0.0
4784,176189.0,172885.0,0.056285142315567464
4785,176189.0,162551.0,0.0
4786,176189.0,256210.0,0.0
4787,176189.0,255516.0,0.0
4788,176189.0,162744.0,0.0
4789,176189.0,258861.0,0.0
4790,176189.0,264985.0,0.0
4791,176189.0,162745.0,0.0
4792,176189.0,162746.0,0.0
4793,176189.0,258862.0,0.0
4794,176189.0,162552.0,0.0
4795,176189.0,258863.0,0.0759702401452369
4796,176189.0,163471.0,0.07579438602206272
4797,176189.0,173214.0,0.08204577142796808
4798,176189.0,255915.0,0.1578063952798984
4799,176189.0,254310.0,0.16317623963247335
4800,176189.0,178581.0,0.18143365976951847
4801,176189.0,163472.0,0.16245831049235038
4802,176189.0,254999.0,0.14271887230183397
4803,176189.0,258864.0,0.14534531847271326
4804,176189.0,257387.0,0.16913811713097682
4805,176189.0,225465.0,0.1696336632836057
4806,176189.0,228316.0,0.1696336632836057
4807,176189.0,255517.0,0.17154446979173324
4808,176189.0,176188.0,0.16489652678269043
4809,176189.0,162747.0,0.18039698273795143
4810,176189.0,162748.0,0.2178277603042507
4811,176189.0,163473.0,0.2178277603042507
4812,176189.0,162749.0,0.2103036404274816
4813,176189.0,163290.0,0.18619867786402267
4814,176189.0,163474.0,0.18863397726441755
4815,176189.0,163475.0,0.17397150504502906
4816,176189.0,163476.0,0.17623809267606175
4817,176189.0,179506.0,0.17716996102618676
4818,176189.0,179507.0,0.17716996102618676
4819,176189.0,258865.0,0.17812812806994976
4820,176189.0,162553.0,0.14957677364032876
4821,176189.0,163477.0,0.1493939279021462
4822,176189.0,167151.0,0.10771958765490516
4823,176189.0,177013.0,0.0
4824,176189.0,176189.0,0.0
4825,176189.0,177014.0,0.0
4826,176189.0,257771.0,0.0
4827,176189.0,163291.0,0.0
4828,177014.0,256243.0,0.0
4829,177014.0,257144.0,0.0
4830,177014.0,162545.0,0.0
4831,177014.0,254494.0,0.0
4832,177014.0,228435.0,0.0
4833,177014.0,172883.0,0.0
4834,177014.0,226943.0,0.0
4835,177014.0,162546.0,0.0
4836,177014.0,258850.0,0.0
4837,177014.0,258851.0,0.0
4838,177014.0,178641.0,0.0
4839,177014.0,178642.0,0.0
4840,177014.0,162738.0,0.0
4841,177014.0,172884.0,0.0
4842,177014.0,162739.0,0.0
4843,177014.0,178643.0,0.0
4844,177014.0,225458.0,0.0
4845,177014.0,225459.0,0.0
4846,177014.0,225460.0,0.0
4847,177014.0,258852.0,0.0
4848,177014.0,163284.0,0.0
4849,177014.0,257772.0,0.0
4850,177014.0,167145.0,0.06070661442429404
4851,177014.0,163286.0,0.0
4852,177014.0,178645.0,0.07551916651262999
4853,177014.0,176858.0,0.0
4854,177014.0,172920.0,0.0
4855,177014.0,172885.0,0.056285142315567464
4856,177014.0,162551.0,0.0
4857,177014.0,256210.0,0.0
4858,177014.0,255516.0,0.0
4859,177014.0,162744.0,0.0
4860,177014.0,258861.0,0.0
4861,177014.0,264985.0,0.0
4862,177014.0,162745.0,0.0
4863,177014.0,162746.0,0.0
4864,177014.0,258862.0,0.0
4865,177014.0,162552.0,0.0
4866,177014.0,258863.0,0.0759702401452369
4867,177014.0,163471.0,0.07579438602206272
4868,177014.0,173214.0,0.08204577142796808
4869,177014.0,255915.0,0.1578063952798984
4870,177014.0,254310.0,0.16317623963247335
4871,177014.0,178581.0,0.18143365976951847
4872,177014.0,163472.0,0.16245831049235038
4873,177014.0,254999.0,0.14271887230183397
4874,177014.0,258864.0,0.14534531847271326
4875,177014.0,257387.0,0.16913811713097682
4876,177014.0,225465.0,0.1696336632836057
4877,177014.0,228316.0,0.1696336632836057
4878,177014.0,255517.0,0.17154446979173324
4879,177014.0,176188.0,0.16489652678269043
4880,177014.0,162747.0,0.18039698273795143
4881,177014.0,162748.0,0.2178277603042507
4882,177014.0,163473.0,0.2178277603042507
4883,177014.0,162749.0,0.2103036404274816
4884,177014.0,163290.0,0.18619867786402267
4885,177014.0,163474.0,0.18863397726441755
4886,177014.0,163475.0,0.17397150504502906
4887,177014.0,163476.0,0.17623809267606175
4888,177014.0,179506.0,0.17716996102618676
4889,177014.0,179507.0,0.17716996102618676
4890,177014.0,258865.0,0.17812812806994976
4891,177014.0,162553.0,0.14957677364032876
4892,177014.0,163477.0,0.1493939279021462
4893,177014.0,167151.0,0.10771958765490516
4894,177014.0,177013.0,0.0
4895,177014.0,176189.0,0.0
4896,177014.0,177014.0,0.0
4897,177014.0,257771.0,0.0
4898,177014.0,163291.0,0.0
4899,257771.0,256243.0,0.0
4900,257771.0,257144.0,0.0
4901,257771.0,162545.0,0.0
4902,257771.0,254494.0,0.0
4903,257771.0,228435.0,0.0
4904,257771.0,172883.0,0.0
4905,257771.0,226943.0,0.0
4906,257771.0,162546.0,0.0
4907,257771.0,258850.0,0.0
4908,257771.0,258851.0,0.0
4909,257771.0,178641.0,0.0
4910,257771.0,178642.0,0.0
4911,257771.0,162738.0,0.0
4912,257771.0,172884.0,0.05000836104722954
4913,257771.0,162739.0,0.0
4914,257771.0,178643.0,0.0
4915,257771.0,225458.0,0.0
4916,257771.0,225459.0,0.0
4917,257771.0,225460.0,0.0
4918,257771.0,258852.0,0.0
4919,257771.0,163284.0,0.0
4920,257771.0,257772.0,0.051778771914062736
4921,257771.0,167145.0,0.06966126997227462
4922,257771.0,163286.0,0.054725150229430274
4923,257771.0,178645.0,0.07892518978781272
4924,257771.0,176858.0,0.05720942646941109
4925,257771.0,172920.0,0.06271985937477743
4926,257771.0,172885.0,0.071130437992422
4927,257771.0,162551.0,0.06076003845878822
4928,257771.0,256210.0,0.06076003845878822
4929,257771.0,255516.0,0.0
4930,257771.0,162744.0,0.0542348479618605
4931,257771.0,258861.0,0.0542348479618605
4932,257771.0,264985.0,0.051122037324538655
4933,257771.0,162745.0,0.0
4934,257771.0,162746.0,0.0
4935,257771.0,258862.0,0.0
4936,257771.0,162552.0,0.0
4937,257771.0,258863.0,0.05756356782268892
4938,257771.0,163471.0,0.05775716856259559
4939,257771.0,173214.0,0.06377757975759628
4940,257771.0,255915.0,0.140445888084488
4941,257771.0,254310.0,0.14565244059165064
4942,257771.0,178581.0,0.16294131622394106
4943,257771.0,163472.0,0.14430477260092622
4944,257771.0,254999.0,0.12415067613627344
4945,257771.0,258864.0,0.12687942442641958
4946,257771.0,257387.0,0.15060986423719153
4947,257771.0,225465.0,0.1509238853491882
4948,257771.0,228316.0,0.1509238853491882
4949,257771.0,255517.0,0.15319243500922364
4950,257771.0,176188.0,0.14618082937398283
4951,257771.0,162747.0,0.1616794641187391
4952,257771.0,162748.0,0.2004105837693406
4953,257771.0,163473.0,0.2004105837693406
4954,257771.0,162749.0,0.19300077954465963
4955,257771.0,163290.0,0.16791455348961315
4956,257771.0,163474.0,0.17086522604412102
4957,257771.0,163475.0,0.15639428304405764
4958,257771.0,163476.0,0.1584919316799537
4959,257771.0,179506.0,0.15934446516874418
4960,257771.0,179507.0,0.15934446516874418
4961,257771.0,258865.0,0.16022711964141076
4962,257771.0,162553.0,0.1333170553679086
4963,257771.0,163477.0,0.13315129005856305
4964,257771.0,167151.0,0.08986967237180186
4965,257771.0,177013.0,0.0
4966,257771.0,176189.0,0.0
4967,257771.0,177014.0,0.0
4968,257771.0,257771.0,0.0
4969,257771.0,163291.0,0.0
4970,163291.0,256243.0,0.0
4971,163291.0,257144.0,0.0
4972,163291.0,162545.0,0.0
4973,163291.0,254494.0,0.0
4974,163291.0,228435.0,0.0
4975,163291.0,172883.0,0.0
4976,163291.0,226943.0,0.0
4977,163291.0,162546.0,0.0
4978,163291.0,258850.0,0.0
4979,163291.0,258851.0,0.0
4980,163291.0,178641.0,0.0
4981,163291.0,178642.0,0.0
4982,163291.0,162738.0,0.0
4983,163291.0,172884.0,0.0
4984,163291.0,162739.0,0.0
4985,163291.0,178643.0,0.0
4986,163291.0,225458.0,0.0
4987,163291.0,225459.0,0.0
4988,163291.0,225460.0,0.0
4989,163291.0,258852.0,0.0
4990,163291.0,163284.0,0.0
4991,163291.0,257772.0,0.0
4992,163291.0,167145.0,0.0
4993,163291.0,163286.0,0.0
4994,163291.0,178645.0,0.05082364267270942
4995,163291.0,176858.0,0.06158853043560257
4996,163291.0,172920.0,0.06904184772853664
4997,163291.0,172885.0,0.07249369480669059
4998,163291.0,162551.0,0.06723548663280389
4999,163291.0,256210.0,0.06723548663280389
5000,163291.0,255516.0,0.0
5001,163291.0,162744.0,0.06211214353855883
5002,163291.0,258861.0,0.06211214353855883
5003,163291.0,264985.0,0.05932358446397904
5004,163291.0,162745.0,0.0
5005,163291.0,162746.0,0.0
5006,163291.0,258862.0,0.0
5007,163291.0,162552.0,0.0
5008,163291.0,258863.0,0.08096946756201483
5009,163291.0,163471.0,0.07912447394785911
5010,163291.0,173214.0,0.08601018281313945
5011,163291.0,255915.0,0.1559796443856128
5012,163291.0,254310.0,0.1618164063815395
5013,163291.0,178581.0,0.19241462403568022
5014,163291.0,163472.0,0.17520890955992802
5015,163291.0,254999.0,0.1535130121161776
5016,163291.0,258864.0,0.15675229334275326
5017,163291.0,257387.0,0.17997454772709867
5018,163291.0,225465.0,0.1789530731679925
5019,163291.0,228316.0,0.1789530731679925
5020,163291.0,255517.0,0.18335642781867353
5021,163291.0,176188.0,0.17418678068376264
5022,163291.0,162747.0,0.18954106003757856
5023,163291.0,162748.0,0.2154704878705795
5024,163291.0,163473.0,0.2154704878705795
5025,163291.0,162749.0,0.20763237729368383
5026,163291.0,163290.0,0.1877640922465411
5027,163291.0,163474.0,0.1878416085548435
5028,163291.0,163475.0,0.1726452282534648
5029,163291.0,163476.0,0.1755072803798349
5030,163291.0,179506.0,0.17673746711181854
5031,163291.0,179507.0,0.17673746711181854
5032,163291.0,258865.0,0.17799034864723068
5033,163291.0,162553.0,0.144771136107325
5034,163291.0,163477.0,0.14454921535967366
5035,163291.0,167151.0,0.10882106878774925
5036,163291.0,177013.0,0.0
5037,163291.0,176189.0,0.0
5038,163291.0,177014.0,0.0
5039,163291.0,257771.0,0.0
5040,163291.0,163291.0,0.0
5041,225509.0,225509.0,0.0
5042,225509.0,221834.0,0.0
5043,225509.0,221835.0,0.0
5044,225509.0,221837.0,0.0
5045,225509.0,226956.0,0.0
5046,225509.0,227346.0,0.0
5047,225509.0,221838.0,0.0
5048,225509.0,225510.0,0.0
5049,225509.0,225511.0,0.0
5050,225509.0,255827.0,0.0
5051,225509.0,221397.0,0.0
5052,225509.0,225512.0,0.0
5053,225509.0,225513.0,0.0
5054,225509.0,221398.0,0.0
5055,221834.0,225509.0,0.0
5056,221834.0,221834.0,0.0
5057,221834.0,221835.0,0.0
5058,221834.0,221837.0,0.0
5059,221834.0,226956.0,0.0
5060,221834.0,227346.0,0.0
5061,221834.0,221838.0,0.0
5062,221834.0,225510.0,0.0
5063,221834.0,225511.0,0.0
5064,221834.0,255827.0,0.0
5065,221834.0,221397.0,0.0
5066,221834.0,225512.0,0.0
5067,221834.0,225513.0,0.0
5068,221834.0,221398.0,0.0
5069,221835.0,225509.0,0.0
5070,221835.0,221834.0,0.0
5071,221835.0,221835.0,0.0
5072,221835.0,221837.0,0.0
5073,221835.0,226956.0,0.0
5074,221835.0,227346.0,0.0
5075,221835.0,221838.0,0.0
5076,221835.0,225510.0,0.0
5077,221835.0,225511.0,0.0
5078,221835.0,255827.0,0.0
5079,221835.0,221397.0,0.0
5080,221835.0,225512.0,0.0
5081,221835.0,225513.0,0.0
5082,221835.0,221398.0,0.0
5083,221837.0,225509.0,0.0
5084,221837.0,221834.0,0.0
5085,221837.0,221835.0,0.0
5086,221837.0,221837.0,0.0
5087,221837.0,226956.0,0.0
5088,221837.0,227346.0,0.0
5089,221837.0,221838.0,0.0
5090,221837.0,225510.0,0.0
5091,221837.0,225511.0,0.0
5092,221837.0,255827.0,0.0
5093,221837.0,221397.0,0.0
5094,221837.0,225512.0,0.0
5095,221837.0,225513.0,0.0
5096,221837.0,221398.0,0.0
5097,226956.0,225509.0,0.0
5098,226956.0,221834.0,0.0
5099,226956.0,221835.0,0.0
5100,226956.0,221837.0,0.0
5101,226956.0,226956.0,0.0
5102,226956.0,227346.0,0.0
5103,226956.0,221838.0,0.0
5104,226956.0,225510.0,0.0
5105,226956.0,225511.0,0.0
5106,226956.0,255827.0,0.0
5107,226956.0,221397.0,0.0
5108,226956.0,225512.0,0.0
5109,226956.0,225513.0,0.0
5110,226956.0,221398.0,0.0
5111,227346.0,225509.0,0.0
5112,227346.0,221834.0,0.0
5113,227346.0,221835.0,0.0
5114,227346.0,221837.0,0.0
5115,227346.0,226956.0,0.0
5116,227346.0,227346.0,0.0
5117,227346.0,221838.0,0.0
5118,227346.0,225510.0,0.0
5119,227346.0,225511.0,0.0
5120,227346.0,255827.0,0.0
5121,227346.0,221397.0,0.0
5122,227346.0,225512.0,0.0
5123,227346.0,225513.0,0.0
5124,227346.0,221398.0,0.0
5125,221838.0,225509.0,0.0
5126,221838.0,221834.0,0.0
5127,221838.0,221835.0,0.0
5128,221838.0,221837.0,0.0
5129,221838.0,226956.0,0.0
5130,221838.0,227346.0,0.0
5131,221838.0,221838.0,0.0
5132,221838.0,225510.0,0.0
5133,221838.0,225511.0,0.0
5134,221838.0,255827.0,0.0
5135,221838.0,221397.0,0.0
5136,221838.0,225512.0,0.0
5137,221838.0,225513.0,0.0
5138,221838.0,221398.0,0.0
5139,225510.0,225509.0,0.0
5140,225510.0,221834.0,0.0
5141,225510.0,221835.0,0.0
5142,225510.0,221837.0,0.0
5143,225510.0,226956.0,0.0
5144,225510.0,227346.0,0.0
5145,225510.0,221838.0,0.0
5146,225510.0,225510.0,0.0
5147,225510.0,225511.0,0.0
5148,225510.0,255827.0,0.0
5149,225510.0,221397.0,0.0
5150,225510.0,225512.0,0.0
5151,225510.0,225513.0,0.0
5152,225510.0,221398.0,0.0
5153,225511.0,225509.0,0.0
5154,225511.0,221834.0,0.0
5155,225511.0,221835.0,0.0
5156,225511.0,221837.0,0.0
5157,225511.0,226956.0,0.0
5158,225511.0,227346.0,0.0
5159,225511.0,221838.0,0.0
5160,225511.0,225510.0,0.0
5161,225511.0,225511.0,0.0
5162,225511.0,255827.0,0.0
5163,225511.0,221397.0,0.0
5164,225511.0,225512.0,0.0
5165,225511.0,225513.0,0.0
5166,225511.0,221398.0,0.0
5167,255827.0,225509.0,0.0
5168,255827.0,221834.0,0.0
5169,255827.0,221835.0,0.0
5170,255827.0,221837.0,0.0
5171,255827.0,226956.0,0.0
5172,255827.0,227346.0,0.0
5173,255827.0,221838.0,0.0
5174,255827.0,225510.0,0.0
5175,255827.0,225511.0,0.0
5176,255827.0,255827.0,0.0
5177,255827.0,221397.0,0.0
5178,255827.0,225512.0,0.0
5179,255827.0,225513.0,0.0
5180,255827.0,221398.0,0.0
5181,221397.0,225509.0,0.0
5182,221397.0,221834.0,0.0
5183,221397.0,221835.0,0.0
5184,221397.0,221837.0,0.0
5185,221397.0,226956.0,0.0
5186,221397.0,227346.0,0.0
5187,221397.0,221838.0,0.0
5188,221397.0,225510.0,0.0
5189,221397.0,225511.0,0.0
5190,221397.0,255827.0,0.0
5191,221397.0,221397.0,0.0
5192,221397.0,225512.0,0.0
5193,221397.0,225513.0,0.0
5194,221397.0,221398.0,0.0
5195,225512.0,225509.0,0.0
5196,225512.0,221834.0,0.0
5197,225512.0,221835.0,0.0
5198,225512.0,221837.0,0.0
5199,225512.0,226956.0,0.0
5200,225512.0,227346.0,0.0
5201,225512.0,221838.0,0.0
5202,225512.0,225510.0,0.0
5203,225512.0,225511.0,0.0
5204,225512.0,255827.0,0.0
5205,225512.0,221397.0,0.0
5206,225512.0,225512.0,0.0
5207,225512.0,225513.0,0.0
5208,225512.0,221398.0,0.0
5209,225513.0,225509.0,0.0
5210,225513.0,221834.0,0.0
5211,225513.0,221835.0,0.0
5212,225513.0,221837.0,0.0
5213,225513.0,226956.0,0.0
5214,225513.0,227346.0,0.0
5215,225513.0,221838.0,0.0
5216,225513.0,225510.0,0.0
5217,225513.0,225511.0,0.0
5218,225513.0,255827.0,0.0
5219,225513.0,221397.0,0.0
5220,225513.0,225512.0,0.0
5221,225513.0,225513.0,0.0
5222,225513.0,221398.0,0.0
5223,221398.0,225509.0,0.0
5224,221398.0,221834.0,0.0
5225,221398.0,221835.0,0.0
5226,221398.0,221837.0,0.0
5227,221398.0,226956.0,0.0
5228,221398.0,227346.0,0.0
5229,221398.0,221838.0,0.0
5230,221398.0,225510.0,0.0
5231,221398.0,225511.0,0.0
5232,221398.0,255827.0,0.0
5233,221398.0,221397.0,0.0
5234,221398.0,225512.0,0.0
5235,221398.0,225513.0,0.0
5236,221398.0,221398.0,0.0
5237,225509.0,256243.0,0.0
5238,225509.0,257144.0,0.0
5239,225509.0,162545.0,0.0
5240,225509.0,254494.0,0.0
5241,225509.0,228435.0,0.0
5242,225509.0,172883.0,0.0
5243,225509.0,226943.0,0.0
5244,225509.0,162546.0,0.0
5245,225509.0,258850.0,0.0
5246,225509.0,258851.0,0.0
5247,225509.0,178641.0,0.0
5248,225509.0,178642.0,0.0
5249,225509.0,162738.0,0.0
5250,225509.0,172884.0,0.0
5251,225509.0,162739.0,0.0
5252,225509.0,178643.0,0.0
5253,225509.0,225458.0,0.0
5254,225509.0,225459.0,0.0
5255,225509.0,225460.0,0.0
5256,225509.0,258852.0,0.0
5257,225509.0,163284.0,0.0
5258,225509.0,257772.0,0.0
5259,225509.0,167145.0,0.0
5260,225509.0,163286.0,0.0
5261,225509.0,178645.0,0.0
5262,225509.0,176858.0,0.0
5263,225509.0,172920.0,0.0
5264,225509.0,172885.0,0.0
5265,225509.0,162551.0,0.0
5266,225509.0,256210.0,0.0
5267,225509.0,255516.0,0.0
5268,225509.0,162744.0,0.0
5269,225509.0,258861.0,0.0
5270,225509.0,264985.0,0.0
5271,225509.0,162745.0,0.0
5272,225509.0,162746.0,0.0
5273,225509.0,258862.0,0.0
5274,225509.0,162552.0,0.0
5275,225509.0,258863.0,0.0
5276,225509.0,163471.0,0.0
5277,225509.0,173214.0,0.0
5278,225509.0,255915.0,0.0
5279,225509.0,254310.0,0.0
5280,225509.0,178581.0,0.0
5281,225509.0,163472.0,0.0
5282,225509.0,254999.0,0.0
5283,225509.0,258864.0,0.0
5284,225509.0,257387.0,0.0
5285,225509.0,225465.0,0.0
5286,225509.0,228316.0,0.0
5287,225509.0,255517.0,0.0
5288,225509.0,176188.0,0.0
5289,225509.0,162747.0,0.0
5290,225509.0,162748.0,0.0
5291,225509.0,163473.0,0.0
5292,225509.0,162749.0,0.0
5293,225509.0,163290.0,0.0
5294,225509.0,163474.0,0.0
5295,225509.0,163475.0,0.0
5296,225509.0,163476.0,0.0
5297,225509.0,179506.0,0.0
5298,225509.0,179507.0,0.0
5299,225509.0,258865.0,0.0
5300,225509.0,162553.0,0.0
5301,225509.0,163477.0,0.0
5302,225509.0,167151.0,0.0
5303,225509.0,177013.0,0.0
5304,225509.0,176189.0,0.0
5305,225509.0,177014.0,0.0
5306,225509.0,257771.0,0.0
5307,225509.0,163291.0,0.0
5308,221834.0,256243.0,0.0
5309,221834.0,257144.0,0.0
5310,221834.0,162545.0,0.0
5311,221834.0,254494.0,0.0
5312,221834.0,228435.0,0.0
5313,221834.0,172883.0,0.0
5314,221834.0,226943.0,0.0
5315,221834.0,162546.0,0.0
5316,221834.0,258850.0,0.0
5317,221834.0,258851.0,0.0
5318,221834.0,178641.0,0.0
5319,221834.0,178642.0,0.0
5320,221834.0,162738.0,0.0
5321,221834.0,172884.0,0.0
5322,221834.0,162739.0,0.0
5323,221834.0,178643.0,0.0
5324,221834.0,225458.0,0.0
5325,221834.0,225459.0,0.0
5326,221834.0,225460.0,0.0
5327,221834.0,258852.0,0.0
5328,221834.0,163284.0,0.0
5329,221834.0,257772.0,0.0
5330,221834.0,167145.0,0.0
5331,221834.0,163286.0,0.0
5332,221834.0,178645.0,0.0
5333,221834.0,176858.0,0.0
5334,221834.0,172920.0,0.0
5335,221834.0,172885.0,0.0
5336,221834.0,162551.0,0.0
5337,221834.0,256210.0,0.0
5338,221834.0,255516.0,0.0
5339,221834.0,162744.0,0.0
5340,221834.0,258861.0,0.0
5341,221834.0,264985.0,0.0
5342,221834.0,162745.0,0.0
5343,221834.0,162746.0,0.0
5344,221834.0,258862.0,0.0
5345,221834.0,162552.0,0.0
5346,221834.0,258863.0,0.0
5347,221834.0,163471.0,0.0
5348,221834.0,173214.0,0.0
5349,221834.0,255915.0,0.0
5350,221834.0,254310.0,0.0
5351,221834.0,178581.0,0.0
5352,221834.0,163472.0,0.0
5353,221834.0,254999.0,0.0
5354,221834.0,258864.0,0.0
5355,221834.0,257387.0,0.0
5356,221834.0,225465.0,0.0
5357,221834.0,228316.0,0.0
5358,221834.0,255517.0,0.0
5359,221834.0,176188.0,0.0
5360,221834.0,162747.0,0.0
5361,221834.0,162748.0,0.0
5362,221834.0,163473.0,0.0
5363,221834.0,162749.0,0.0
5364,221834.0,163290.0,0.0
5365,221834.0,163474.0,0.0
5366,221834.0,163475.0,0.0
5367,221834.0,163476.0,0.0
5368,221834.0,179506.0,0.0
5369,221834.0,179507.0,0.0
5370,221834.0,258865.0,0.0
5371,221834.0,162553.0,0.0
5372,221834.0,163477.0,0.0
5373,221834.0,167151.0,0.0
5374,221834.0,177013.0,0.0
5375,221834.0,176189.0,0.0
5376,221834.0,177014.0,0.0
5377,221834.0,257771.0,0.0
5378,221834.0,163291.0,0.0
5379,221835.0,256243.0,0.0
5380,221835.0,257144.0,0.0
5381,221835.0,162545.0,0.0
5382,221835.0,254494.0,0.0
5383,221835.0,228435.0,0.0
5384,221835.0,172883.0,0.0
5385,221835.0,226943.0,0.0
5386,221835.0,162546.0,0.0
5387,221835.0,258850.0,0.0
5388,221835.0,258851.0,0.0
5389,221835.0,178641.0,0.0
5390,221835.0,178642.0,0.0
5391,221835.0,162738.0,0.0
5392,221835.0,172884.0,0.0
5393,221835.0,162739.0,0.0
5394,221835.0,178643.0,0.0
5395,221835.0,225458.0,0.0
5396,221835.0,225459.0,0.0
5397,221835.0,225460.0,0.0
5398,221835.0,258852.0,0.0
5399,221835.0,163284.0,0.0
5400,221835.0,257772.0,0.0
5401,221835.0,167145.0,0.0
5402,221835.0,163286.0,0.0
5403,221835.0,178645.0,0.0
5404,221835.0,176858.0,0.0
5405,221835.0,172920.0,0.0
5406,221835.0,172885.0,0.0
5407,221835.0,162551.0,0.0
5408,221835.0,256210.0,0.0
5409,221835.0,255516.0,0.0
5410,221835.0,162744.0,0.0
5411,221835.0,258861.0,0.0
5412,221835.0,264985.0,0.0
5413,221835.0,162745.0,0.0
5414,221835.0,162746.0,0.0
5415,221835.0,258862.0,0.0
5416,221835.0,162552.0,0.0
5417,221835.0,258863.0,0.0
5418,221835.0,163471.0,0.0
5419,221835.0,173214.0,0.0
5420,221835.0,255915.0,0.0
5421,221835.0,254310.0,0.0
5422,221835.0,178581.0,0.0
5423,221835.0,163472.0,0.0
5424,221835.0,254999.0,0.0
5425,221835.0,258864.0,0.0
5426,221835.0,257387.0,0.0
5427,221835.0,225465.0,0.0
5428,221835.0,228316.0,0.0
5429,221835.0,255517.0,0.0
5430,221835.0,176188.0,0.0
5431,221835.0,162747.0,0.0
5432,221835.0,162748.0,0.0
5433,221835.0,163473.0,0.0
5434,221835.0,162749.0,0.0
5435,221835.0,163290.0,0.0
5436,221835.0,163474.0,0.0
5437,221835.0,163475.0,0.0
5438,221835.0,163476.0,0.0
5439,221835.0,179506.0,0.0
5440,221835.0,179507.0,0.0
5441,221835.0,258865.0,0.0
5442,221835.0,162553.0,0.0
5443,221835.0,163477.0,0.0
5444,221835.0,167151.0,0.0
5445,221835.0,177013.0,0.0
5446,221835.0,176189.0,0.0
5447,221835.0,177014.0,0.0
5448,221835.0,257771.0,0.0
5449,221835.0,163291.0,0.0
5450,221837.0,256243.0,0.0
5451,221837.0,257144.0,0.0
5452,221837.0,162545.0,0.0
5453,221837.0,254494.0,0.0
5454,221837.0,228435.0,0.0
5455,221837.0,172883.0,0.0
5456,221837.0,226943.0,0.0
5457,221837.0,162546.0,0.0
5458,221837.0,258850.0,0.0
5459,221837.0,258851.0,0.0
5460,221837.0,178641.0,0.0
5461,221837.0,178642.0,0.0
5462,221837.0,162738.0,0.0
5463,221837.0,172884.0,0.0
5464,221837.0,162739.0,0.0
5465,221837.0,178643.0,0.0
5466,221837.0,225458.0,0.0
5467,221837.0,225459.0,0.0
5468,221837.0,225460.0,0.0
5469,221837.0,258852.0,0.0
5470,221837.0,163284.0,0.0
5471,221837.0,257772.0,0.0
5472,221837.0,167145.0,0.0
5473,221837.0,163286.0,0.0
5474,221837.0,178645.0,0.0
5475,221837.0,176858.0,0.0
5476,221837.0,172920.0,0.0
5477,221837.0,172885.0,0.0
5478,221837.0,162551.0,0.0
5479,221837.0,256210.0,0.0
5480,221837.0,255516.0,0.0
5481,221837.0,162744.0,0.0
5482,221837.0,258861.0,0.0
5483,221837.0,264985.0,0.0
5484,221837.0,162745.0,0.0
5485,221837.0,162746.0,0.0
5486,221837.0,258862.0,0.0
5487,221837.0,162552.0,0.0
5488,221837.0,258863.0,0.0
5489,221837.0,163471.0,0.0
5490,221837.0,173214.0,0.0
5491,221837.0,255915.0,0.0
5492,221837.0,254310.0,0.0
5493,221837.0,178581.0,0.0
5494,221837.0,163472.0,0.0
5495,221837.0,254999.0,0.0
5496,221837.0,258864.0,0.0
5497,221837.0,257387.0,0.0
5498,221837.0,225465.0,0.0
5499,221837.0,228316.0,0.0
5500,221837.0,255517.0,0.0
5501,221837.0,176188.0,0.0
5502,221837.0,162747.0,0.0
5503,221837.0,162748.0,0.0
5504,221837.0,163473.0,0.0
5505,221837.0,162749.0,0.0
5506,221837.0,163290.0,0.0
5507,221837.0,163474.0,0.0
5508,221837.0,163475.0,0.0
5509,221837.0,163476.0,0.0
5510,221837.0,179506.0,0.0
5511,221837.0,179507.0,0.0
5512,221837.0,258865.0,0.0
5513,221837.0,162553.0,0.0
5514,221837.0,163477.0,0.0
5515,221837.0,167151.0,0.0
5516,221837.0,177013.0,0.0
5517,221837.0,176189.0,0.0
5518,221837.0,177014.0,0.0
5519,221837.0,257771.0,0.0
5520,221837.0,163291.0,0.0
5521,226956.0,256243.0,0.0
5522,226956.0,257144.0,0.0
5523,226956.0,162545.0,0.0
5524,226956.0,254494.0,0.0
5525,226956.0,228435.0,0.0
5526,226956.0,172883.0,0.0
5527,226956.0,226943.0,0.0
5528,226956.0,162546.0,0.0
5529,226956.0,258850.0,0.0
5530,226956.0,258851.0,0.0
5531,226956.0,178641.0,0.0
5532,226956.0,178642.0,0.0
5533,226956.0,162738.0,0.0
5534,226956.0,172884.0,0.0
5535,226956.0,162739.0,0.0
5536,226956.0,178643.0,0.0
5537,226956.0,225458.0,0.0
5538,226956.0,225459.0,0.0
5539,226956.0,225460.0,0.0
5540,226956.0,258852.0,0.0
5541,226956.0,163284.0,0.0
5542,226956.0,257772.0,0.0
5543,226956.0,167145.0,0.0
5544,226956.0,163286.0,0.0
5545,226956.0,178645.0,0.0
5546,226956.0,176858.0,0.0
5547,226956.0,172920.0,0.0
5548,226956.0,172885.0,0.0
5549,226956.0,162551.0,0.0
5550,226956.0,256210.0,0.0
5551,226956.0,255516.0,0.0
5552,226956.0,162744.0,0.0
5553,226956.0,258861.0,0.0
5554,226956.0,264985.0,0.0
5555,226956.0,162745.0,0.0
5556,226956.0,162746.0,0.0
5557,226956.0,258862.0,0.0
5558,226956.0,162552.0,0.0
5559,226956.0,258863.0,0.0
5560,226956.0,163471.0,0.0
5561,226956.0,173214.0,0.0
5562,226956.0,255915.0,0.0
5563,226956.0,254310.0,0.0
5564,226956.0,178581.0,0.0
5565,226956.0,163472.0,0.0
5566,226956.0,254999.0,0.0
5567,226956.0,258864.0,0.0
5568,226956.0,257387.0,0.0
5569,226956.0,225465.0,0.0
5570,226956.0,228316.0,0.0
5571,226956.0,255517.0,0.0
5572,226956.0,176188.0,0.0
5573,226956.0,162747.0,0.0
5574,226956.0,162748.0,0.0
5575,226956.0,163473.0,0.0
5576,226956.0,162749.0,0.0
5577,226956.0,163290.0,0.0
5578,226956.0,163474.0,0.0
5579,226956.0,163475.0,0.0
5580,226956.0,163476.0,0.0
5581,226956.0,179506.0,0.0
5582,226956.0,179507.0,0.0
5583,226956.0,258865.0,0.0
5584,226956.0,162553.0,0.0
5585,226956.0,163477.0,0.0
5586,226956.0,167151.0,0.0
5587,226956.0,177013.0,0.0
5588,226956.0,176189.0,0.0
5589,226956.0,177014.0,0.0
5590,226956.0,257771.0,0.0
5591,226956.0,163291.0,0.0
5592,227346.0,256243.0,0.0
5593,227346.0,257144.0,0.0
5594,227346.0,162545.0,0.0
5595,227346.0,254494.0,0.0
5596,227346.0,228435.0,0.0
5597,227346.0,172883.0,0.0
5598,227346.0,226943.0,0.0
5599,227346.0,162546.0,0.0
5600,227346.0,258850.0,0.0
5601,227346.0,258851.0,0.0
5602,227346.0,178641.0,0.0
5603,227346.0,178642.0,0.0
5604,227346.0,162738.0,0.0
5605,227346.0,172884.0,0.0
5606,227346.0,162739.0,0.0
5607,227346.0,178643.0,0.0
5608,227346.0,225458.0,0.0
5609,227346.0,225459.0,0.0
5610,227346.0,225460.0,0.0
5611,227346.0,258852.0,0.0
5612,227346.0,163284.0,0.0
5613,227346.0,257772.0,0.0
5614,227346.0,167145.0,0.0
5615,227346.0,163286.0,0.0
5616,227346.0,178645.0,0.0
5617,227346.0,176858.0,0.0
5618,227346.0,172920.0,0.0
5619,227346.0,172885.0,0.0
5620,227346.0,162551.0,0.0
5621,227346.0,256210.0,0.0
5622,227346.0,255516.0,0.0
5623,227346.0,162744.0,0.0
5624,227346.0,258861.0,0.0
5625,227346.0,264985.0,0.0
5626,227346.0,162745.0,0.0
5627,227346.0,162746.0,0.0
5628,227346.0,258862.0,0.0
5629,227346.0,162552.0,0.0
5630,227346.0,258863.0,0.0
5631,227346.0,163471.0,0.0
5632,227346.0,173214.0,0.0
5633,227346.0,255915.0,0.0
5634,227346.0,254310.0,0.0
5635,227346.0,178581.0,0.0
5636,227346.0,163472.0,0.0
5637,227346.0,254999.0,0.0
5638,227346.0,258864.0,0.0
5639,227346.0,257387.0,0.0
5640,227346.0,225465.0,0.0
5641,227346.0,228316.0,0.0
5642,227346.0,255517.0,0.0
5643,227346.0,176188.0,0.0
5644,227346.0,162747.0,0.0
5645,227346.0,162748.0,0.0
5646,227346.0,163473.0,0.0
5647,227346.0,162749.0,0.0
5648,227346.0,163290.0,0.0
5649,227346.0,163474.0,0.0
5650,227346.0,163475.0,0.0
5651,227346.0,163476.0,0.0
5652,227346.0,179506.0,0.0
5653,227346.0,179507.0,0.0
5654,227346.0,258865.0,0.0
5655,227346.0,162553.0,0.0
5656,227346.0,163477.0,0.0
5657,227346.0,167151.0,0.0
5658,227346.0,177013.0,0.0
5659,227346.0,176189.0,0.0
5660,227346.0,177014.0,0.0
5661,227346.0,257771.0,0.0
5662,227346.0,163291.0,0.0
5663,221838.0,256243.0,0.0
5664,221838.0,257144.0,0.0
5665,221838.0,162545.0,0.0
5666,221838.0,254494.0,0.0
5667,221838.0,228435.0,0.0
5668,221838.0,172883.0,0.0
5669,221838.0,226943.0,0.0
5670,221838.0,162546.0,0.0
5671,221838.0,258850.0,0.0
5672,221838.0,258851.0,0.0
5673,221838.0,178641.0,0.0
5674,221838.0,178642.0,0.0
5675,221838.0,162738.0,0.0
5676,221838.0,172884.0,0.0
5677,221838.0,162739.0,0.0
5678,221838.0,178643.0,0.0
5679,221838.0,225458.0,0.0
5680,221838.0,225459.0,0.0
5681,221838.0,225460.0,0.0
5682,221838.0,258852.0,0.0
5683,221838.0,163284.0,0.0
5684,221838.0,257772.0,0.0
5685,221838.0,167145.0,0.0
5686,221838.0,163286.0,0.0
5687,221838.0,178645.0,0.0
5688,221838.0,176858.0,0.0
5689,221838.0,172920.0,0.0
5690,221838.0,172885.0,0.0
5691,221838.0,162551.0,0.0
5692,221838.0,256210.0,0.0
5693,221838.0,255516.0,0.0
5694,221838.0,162744.0,0.0
5695,221838.0,258861.0,0.0
5696,221838.0,264985.0,0.0
5697,221838.0,162745.0,0.0
5698,221838.0,162746.0,0.0
5699,221838.0,258862.0,0.0
5700,221838.0,162552.0,0.0
5701,221838.0,258863.0,0.0
5702,221838.0,163471.0,0.0
5703,221838.0,173214.0,0.0
5704,221838.0,255915.0,0.0
5705,221838.0,254310.0,0.0
5706,221838.0,178581.0,0.0
5707,221838.0,163472.0,0.0
5708,221838.0,254999.0,0.0
5709,221838.0,258864.0,0.0
5710,221838.0,257387.0,0.0
5711,221838.0,225465.0,0.0
5712,221838.0,228316.0,0.0
5713,221838.0,255517.0,0.0
5714,221838.0,176188.0,0.0
5715,221838.0,162747.0,0.0
5716,221838.0,162748.0,0.0
5717,221838.0,163473.0,0.0
5718,221838.0,162749.0,0.0
5719,221838.0,163290.0,0.0
5720,221838.0,163474.0,0.0
5721,221838.0,163475.0,0.0
5722,221838.0,163476.0,0.0
5723,221838.0,179506.0,0.0
5724,221838.0,179507.0,0.0
5725,221838.0,258865.0,0.0
5726,221838.0,162553.0,0.0
5727,221838.0,163477.0,0.0
5728,221838.0,167151.0,0.0
5729,221838.0,177013.0,0.0
5730,221838.0,176189.0,0.0
5731,221838.0,177014.0,0.0
5732,221838.0,257771.0,0.0
5733,221838.0,163291.0,0.0
5734,225510.0,256243.0,0.0
5735,225510.0,257144.0,0.0
5736,225510.0,162545.0,0.0
5737,225510.0,254494.0,0.0
5738,225510.0,228435.0,0.0
5739,225510.0,172883.0,0.0
5740,225510.0,226943.0,0.0
5741,225510.0,162546.0,0.0
5742,225510.0,258850.0,0.0
5743,225510.0,258851.0,0.0
5744,225510.0,178641.0,0.0
5745,225510.0,178642.0,0.0
5746,225510.0,162738.0,0.0
5747,225510.0,172884.0,0.0
5748,225510.0,162739.0,0.0
5749,225510.0,178643.0,0.0
5750,225510.0,225458.0,0.0
5751,225510.0,225459.0,0.0
5752,225510.0,225460.0,0.0
5753,225510.0,258852.0,0.0
5754,225510.0,163284.0,0.0
5755,225510.0,257772.0,0.0
5756,225510.0,167145.0,0.0
5757,225510.0,163286.0,0.0
5758,225510.0,178645.0,0.0
5759,225510.0,176858.0,0.0
5760,225510.0,172920.0,0.0
5761,225510.0,172885.0,0.0
5762,225510.0,162551.0,0.0
5763,225510.0,256210.0,0.0
5764,225510.0,255516.0,0.0
5765,225510.0,162744.0,0.0
5766,225510.0,258861.0,0.0
5767,225510.0,264985.0,0.0
5768,225510.0,162745.0,0.0
5769,225510.0,162746.0,0.0
5770,225510.0,258862.0,0.0
5771,225510.0,162552.0,0.0
5772,225510.0,258863.0,0.0
5773,225510.0,163471.0,0.0
5774,225510.0,173214.0,0.0
5775,225510.0,255915.0,0.0
5776,225510.0,254310.0,0.0
5777,225510.0,178581.0,0.0
5778,225510.0,163472.0,0.0
5779,225510.0,254999.0,0.0
5780,225510.0,258864.0,0.0
5781,225510.0,257387.0,0.0
5782,225510.0,225465.0,0.0
5783,225510.0,228316.0,0.0
5784,225510.0,255517.0,0.0
5785,225510.0,176188.0,0.0
5786,225510.0,162747.0,0.0
5787,225510.0,162748.0,0.0
5788,225510.0,163473.0,0.0
5789,225510.0,162749.0,0.0
5790,225510.0,163290.0,0.0
5791,225510.0,163474.0,0.0
5792,225510.0,163475.0,0.0
5793,225510.0,163476.0,0.0
5794,225510.0,179506.0,0.0
5795,225510.0,179507.0,0.0
5796,225510.0,258865.0,0.0
5797,225510.0,162553.0,0.0
5798,225510.0,163477.0,0.0
5799,225510.0,167151.0,0.0
5800,225510.0,177013.0,0.0
5801,225510.0,176189.0,0.0
5802,225510.0,177014.0,0.0
5803,225510.0,257771.0,0.0
5804,225510.0,163291.0,0.0
5805,225511.0,256243.0,0.0
5806,225511.0,257144.0,0.0
5807,225511.0,162545.0,0.0
5808,225511.0,254494.0,0.0
5809,225511.0,228435.0,0.0
5810,225511.0,172883.0,0.0
5811,225511.0,226943.0,0.0
5812,225511.0,162546.0,0.0
5813,225511.0,258850.0,0.0
5814,225511.0,258851.0,0.0
5815,225511.0,178641.0,0.0
5816,225511.0,178642.0,0.0
5817,225511.0,162738.0,0.0
5818,225511.0,172884.0,0.0
5819,225511.0,162739.0,0.0
5820,225511.0,178643.0,0.0
5821,225511.0,225458.0,0.0
5822,225511.0,225459.0,0.0
5823,225511.0,225460.0,0.0
5824,225511.0,258852.0,0.0
5825,225511.0,163284.0,0.0
5826,225511.0,257772.0,0.0
5827,225511.0,167145.0,0.0
5828,225511.0,163286.0,0.0
5829,225511.0,178645.0,0.0
5830,225511.0,176858.0,0.0
5831,225511.0,172920.0,0.0
5832,225511.0,172885.0,0.0
5833,225511.0,162551.0,0.0
5834,225511.0,256210.0,0.0
5835,225511.0,255516.0,0.0
5836,225511.0,162744.0,0.0
5837,225511.0,258861.0,0.0
5838,225511.0,264985.0,0.0
5839,225511.0,162745.0,0.0
5840,225511.0,162746.0,0.0
5841,225511.0,258862.0,0.0
5842,225511.0,162552.0,0.0
5843,225511.0,258863.0,0.0
5844,225511.0,163471.0,0.0
5845,225511.0,173214.0,0.0
5846,225511.0,255915.0,0.0
5847,225511.0,254310.0,0.0
5848,225511.0,178581.0,0.0
5849,225511.0,163472.0,0.0
5850,225511.0,254999.0,0.0
5851,225511.0,258864.0,0.0
5852,225511.0,257387.0,0.0
5853,225511.0,225465.0,0.0
5854,225511.0,228316.0,0.0
5855,225511.0,255517.0,0.0
5856,225511.0,176188.0,0.0
5857,225511.0,162747.0,0.0
5858,225511.0,162748.0,0.0
5859,225511.0,163473.0,0.0
5860,225511.0,162749.0,0.0
5861,225511.0,163290.0,0.0
5862,225511.0,163474.0,0.0
5863,225511.0,163475.0,0.0
5864,225511.0,163476.0,0.0
5865,225511.0,179506.0,0.0
5866,225511.0,179507.0,0.0
5867,225511.0,258865.0,0.0
5868,225511.0,162553.0,0.0
5869,225511.0,163477.0,0.0
5870,225511.0,167151.0,0.0
5871,225511.0,177013.0,0.0
5872,225511.0,176189.0,0.0
5873,225511.0,177014.0,0.0
5874,225511.0,257771.0,0.0
5875,225511.0,163291.0,0.0
5876,255827.0,256243.0,0.0
5877,255827.0,257144.0,0.0
5878,255827.0,162545.0,0.0
5879,255827.0,254494.0,0.0
5880,255827.0,228435.0,0.0
5881,255827.0,172883.0,0.0
5882,255827.0,226943.0,0.0
5883,255827.0,162546.0,0.0
5884,255827.0,258850.0,0.0
5885,255827.0,258851.0,0.0
5886,255827.0,178641.0,0.0
5887,255827.0,178642.0,0.0
5888,255827.0,162738.0,0.0
5889,255827.0,172884.0,0.0
5890,255827.0,162739.0,0.0
5891,255827.0,178643.0,0.0
5892,255827.0,225458.0,0.0
5893,255827.0,225459.0,0.0
5894,255827.0,225460.0,0.0
5895,255827.0,258852.0,0.0
5896,255827.0,163284.0,0.0
5897,255827.0,257772.0,0.0
5898,255827.0,167145.0,0.0
5899,255827.0,163286.0,0.0
5900,255827.0,178645.0,0.0
5901,255827.0,176858.0,0.0
5902,255827.0,172920.0,0.0
5903,255827.0,172885.0,0.0
5904,255827.0,162551.0,0.0
5905,255827.0,256210.0,0.0
5906,255827.0,255516.0,0.0
5907,255827.0,162744.0,0.0
5908,255827.0,258861.0,0.0
5909,255827.0,264985.0,0.0
5910,255827.0,162745.0,0.0
5911,255827.0,162746.0,0.0
5912,255827.0,258862.0,0.0
5913,255827.0,162552.0,0.0
5914,255827.0,258863.0,0.0
5915,255827.0,163471.0,0.0
5916,255827.0,173214.0,0.0
5917,255827.0,255915.0,0.0
5918,255827.0,254310.0,0.0
5919,255827.0,178581.0,0.0
5920,255827.0,163472.0,0.0
5921,255827.0,254999.0,0.0
5922,255827.0,258864.0,0.0
5923,255827.0,257387.0,0.0
5924,255827.0,225465.0,0.0
5925,255827.0,228316.0,0.0
5926,255827.0,255517.0,0.0
5927,255827.0,176188.0,0.0
5928,255827.0,162747.0,0.0
5929,255827.0,162748.0,0.0
5930,255827.0,163473.0,0.0
5931,255827.0,162749.0,0.0
5932,255827.0,163290.0,0.0
5933,255827.0,163474.0,0.0
5934,255827.0,163475.0,0.0
5935,255827.0,163476.0,0.0
5936,255827.0,179506.0,0.0
5937,255827.0,179507.0,0.0
5938,255827.0,258865.0,0.0
5939,255827.0,162553.0,0.0
5940,255827.0,163477.0,0.0
5941,255827.0,167151.0,0.0
5942,255827.0,177013.0,0.0
5943,255827.0,176189.0,0.0
5944,255827.0,177014.0,0.0
5945,255827.0,257771.0,0.0
5946,255827.0,163291.0,0.0
5947,221397.0,256243.0,0.0
5948,221397.0,257144.0,0.0
5949,221397.0,162545.0,0.0
5950,221397.0,254494.0,0.0
5951,221397.0,228435.0,0.0
5952,221397.0,172883.0,0.0
5953,221397.0,226943.0,0.0
5954,221397.0,162546.0,0.0
5955,221397.0,258850.0,0.0
5956,221397.0,258851.0,0.0
5957,221397.0,178641.0,0.0
5958,221397.0,178642.0,0.0
5959,221397.0,162738.0,0.0
5960,221397.0,172884.0,0.0
5961,221397.0,162739.0,0.0
5962,221397.0,178643.0,0.0
5963,221397.0,225458.0,0.0
5964,221397.0,225459.0,0.0
5965,221397.0,225460.0,0.0
5966,221397.0,258852.0,0.0
5967,221397.0,163284.0,0.0
5968,221397.0,257772.0,0.0
5969,221397.0,167145.0,0.0
5970,221397.0,163286.0,0.0
5971,221397.0,178645.0,0.0
5972,221397.0,176858.0,0.0
5973,221397.0,172920.0,0.0
5974,221397.0,172885.0,0.0
5975,221397.0,162551.0,0.0
5976,221397.0,256210.0,0.0
5977,221397.0,255516.0,0.0
5978,221397.0,162744.0,0.0
5979,221397.0,258861.0,0.0
5980,221397.0,264985.0,0.0
5981,221397.0,162745.0,0.0
5982,221397.0,162746.0,0.0
5983,221397.0,258862.0,0.0
5984,221397.0,162552.0,0.0
5985,221397.0,258863.0,0.0
5986,221397.0,163471.0,0.0
5987,221397.0,173214.0,0.0
5988,221397.0,255915.0,0.0
5989,221397.0,254310.0,0.0
5990,221397.0,178581.0,0.0
5991,221397.0,163472.0,0.0
5992,221397.0,254999.0,0.0
5993,221397.0,258864.0,0.0
5994,221397.0,257387.0,0.0
5995,221397.0,225465.0,0.0
5996,221397.0,228316.0,0.0
5997,221397.0,255517.0,0.0
5998,221397.0,176188.0,0.0
5999,221397.0,162747.0,0.0
6000,221397.0,162748.0,0.0
6001,221397.0,163473.0,0.0
6002,221397.0,162749.0,0.0
6003,221397.0,163290.0,0.0
6004,221397.0,163474.0,0.0
6005,221397.0,163475.0,0.0
6006,221397.0,163476.0,0.0
6007,221397.0,179506.0,0.0
6008,221397.0,179507.0,0.0
6009,221397.0,258865.0,0.0
6010,221397.0,162553.0,0.0
6011,221397.0,163477.0,0.0
6012,221397.0,167151.0,0.0
6013,221397.0,177013.0,0.0
6014,221397.0,176189.0,0.0
6015,221397.0,177014.0,0.0
6016,221397.0,257771.0,0.0
6017,221397.0,163291.0,0.0
6018,225512.0,256243.0,0.0
6019,225512.0,257144.0,0.0
6020,225512.0,162545.0,0.0
6021,225512.0,254494.0,0.0
6022,225512.0,228435.0,0.0
6023,225512.0,172883.0,0.0
6024,225512.0,226943.0,0.0
6025,225512.0,162546.0,0.0
6026,225512.0,258850.0,0.0
6027,225512.0,258851.0,0.0
6028,225512.0,178641.0,0.0
6029,225512.0,178642.0,0.0
6030,225512.0,162738.0,0.0
6031,225512.0,172884.0,0.0
6032,225512.0,162739.0,0.0
6033,225512.0,178643.0,0.0
6034,225512.0,225458.0,0.0
6035,225512.0,225459.0,0.0
6036,225512.0,225460.0,0.0
6037,225512.0,258852.0,0.0
6038,225512.0,163284.0,0.0
6039,225512.0,257772.0,0.0
6040,225512.0,167145.0,0.0
6041,225512.0,163286.0,0.0
6042,225512.0,178645.0,0.0
6043,225512.0,176858.0,0.0
6044,225512.0,172920.0,0.0
6045,225512.0,172885.0,0.0
6046,225512.0,162551.0,0.0
6047,225512.0,256210.0,0.0
6048,225512.0,255516.0,0.0
6049,225512.0,162744.0,0.0
6050,225512.0,258861.0,0.0
6051,225512.0,264985.0,0.0
6052,225512.0,162745.0,0.0
6053,225512.0,162746.0,0.0
6054,225512.0,258862.0,0.0
6055,225512.0,162552.0,0.0
6056,225512.0,258863.0,0.0
6057,225512.0,163471.0,0.0
6058,225512.0,173214.0,0.0
6059,225512.0,255915.0,0.0
6060,225512.0,254310.0,0.0
6061,225512.0,178581.0,0.0
6062,225512.0,163472.0,0.0
6063,225512.0,254999.0,0.0
6064,225512.0,258864.0,0.0
6065,225512.0,257387.0,0.0
6066,225512.0,225465.0,0.0
6067,225512.0,228316.0,0.0
6068,225512.0,255517.0,0.0
6069,225512.0,176188.0,0.0
6070,225512.0,162747.0,0.0
6071,225512.0,162748.0,0.0
6072,225512.0,163473.0,0.0
6073,225512.0,162749.0,0.0
6074,225512.0,163290.0,0.0
6075,225512.0,163474.0,0.0
6076,225512.0,163475.0,0.0
6077,225512.0,163476.0,0.0
6078,225512.0,179506.0,0.0
6079,225512.0,179507.0,0.0
6080,225512.0,258865.0,0.0
6081,225512.0,162553.0,0.0
6082,225512.0,163477.0,0.0
6083,225512.0,167151.0,0.0
6084,225512.0,177013.0,0.0
6085,225512.0,176189.0,0.0
6086,225512.0,177014.0,0.0
6087,225512.0,257771.0,0.0
6088,225512.0,163291.0,0.0
6089,225513.0,256243.0,0.0
6090,225513.0,257144.0,0.0
6091,225513.0,162545.0,0.0
6092,225513.0,254494.0,0.0
6093,225513.0,228435.0,0.0
6094,225513.0,172883.0,0.0
6095,225513.0,226943.0,0.0
6096,225513.0,162546.0,0.0
6097,225513.0,258850.0,0.0
6098,225513.0,258851.0,0.0
6099,225513.0,178641.0,0.0
6100,225513.0,178642.0,0.0
6101,225513.0,162738.0,0.0
6102,225513.0,172884.0,0.0
6103,225513.0,162739.0,0.0
6104,225513.0,178643.0,0.0
6105,225513.0,225458.0,0.0
6106,225513.0,225459.0,0.0
6107,225513.0,225460.0,0.0
6108,225513.0,258852.0,0.0
6109,225513.0,163284.0,0.0
6110,225513.0,257772.0,0.0
6111,225513.0,167145.0,0.0
6112,225513.0,163286.0,0.0
6113,225513.0,178645.0,0.0
6114,225513.0,176858.0,0.0
6115,225513.0,172920.0,0.0
6116,225513.0,172885.0,0.0
6117,225513.0,162551.0,0.0
6118,225513.0,256210.0,0.0
6119,225513.0,255516.0,0.0
6120,225513.0,162744.0,0.0
6121,225513.0,258861.0,0.0
6122,225513.0,264985.0,0.0
6123,225513.0,162745.0,0.0
6124,225513.0,162746.0,0.0
6125,225513.0,258862.0,0.0
6126,225513.0,162552.0,0.0
6127,225513.0,258863.0,0.0
6128,225513.0,163471.0,0.0
6129,225513.0,173214.0,0.0
6130,225513.0,255915.0,0.0
6131,225513.0,254310.0,0.0
6132,225513.0,178581.0,0.0
6133,225513.0,163472.0,0.0
6134,225513.0,254999.0,0.0
6135,225513.0,258864.0,0.0
6136,225513.0,257387.0,0.0
6137,225513.0,225465.0,0.0
6138,225513.0,228316.0,0.0
6139,225513.0,255517.0,0.0
6140,225513.0,176188.0,0.0
6141,225513.0,162747.0,0.0
6142,225513.0,162748.0,0.0
6143,225513.0,163473.0,0.0
6144,225513.0,162749.0,0.0
6145,225513.0,163290.0,0.0
6146,225513.0,163474.0,0.0
6147,225513.0,163475.0,0.0
6148,225513.0,163476.0,0.0
6149,225513.0,179506.0,0.0
6150,225513.0,179507.0,0.0
6151,225513.0,258865.0,0.0
6152,225513.0,162553.0,0.0
6153,225513.0,163477.0,0.0
6154,225513.0,167151.0,0.0
6155,225513.0,177013.0,0.0
6156,225513.0,176189.0,0.0
6157,225513.0,177014.0,0.0
6158,225513.0,257771.0,0.0
6159,225513.0,163291.0,0.0
6160,221398.0,256243.0,0.0
6161,221398.0,257144.0,0.0
6162,221398.0,162545.0,0.0
6163,221398.0,254494.0,0.0
6164,221398.0,228435.0,0.0
6165,221398.0,172883.0,0.0
6166,221398.0,226943.0,0.0
6167,221398.0,162546.0,0.0
6168,221398.0,258850.0,0.0
6169,221398.0,258851.0,0.0
6170,221398.0,178641.0,0.0
6171,221398.0,178642.0,0.0
6172,221398.0,162738.0,0.0
6173,221398.0,172884.0,0.0
6174,221398.0,162739.0,0.0
6175,221398.0,178643.0,0.0
6176,221398.0,225458.0,0.0
6177,221398.0,225459.0,0.0
6178,221398.0,225460.0,0.0
6179,221398.0,258852.0,0.0
6180,221398.0,163284.0,0.0
6181,221398.0,257772.0,0.0
6182,221398.0,167145.0,0.0
6183,221398.0,163286.0,0.0
6184,221398.0,178645.0,0.0
6185,221398.0,176858.0,0.0
6186,221398.0,172920.0,0.0
6187,221398.0,172885.0,0.0
6188,221398.0,162551.0,0.0
6189,221398.0,256210.0,0.0
6190,221398.0,255516.0,0.0
6191,221398.0,162744.0,0.0
6192,221398.0,258861.0,0.0
6193,221398.0,264985.0,0.0
6194,221398.0,162745.0,0.0
6195,221398.0,162746.0,0.0
6196,221398.0,258862.0,0.0
6197,221398.0,162552.0,0.0
6198,221398.0,258863.0,0.0
6199,221398.0,163471.0,0.0
6200,221398.0,173214.0,0.0
6201,221398.0,255915.0,0.0
6202,221398.0,254310.0,0.0
6203,221398.0,178581.0,0.0
6204,221398.0,163472.0,0.0
6205,221398.0,254999.0,0.0
6206,221398.0,258864.0,0.0
6207,221398.0,257387.0,0.0
6208,221398.0,225465.0,0.0
6209,221398.0,228316.0,0.0
6210,221398.0,255517.0,0.0
6211,221398.0,176188.0,0.0
6212,221398.0,162747.0,0.0
6213,221398.0,162748.0,0.0
6214,221398.0,163473.0,0.0
6215,221398.0,162749.0,0.0
6216,221398.0,163290.0,0.0
6217,221398.0,163474.0,0.0
6218,221398.0,163475.0,0.0
6219,221398.0,163476.0,0.0
6220,221398.0,179506.0,0.0
6221,221398.0,179507.0,0.0
6222,221398.0,258865.0,0.0
6223,221398.0,162553.0,0.0
6224,221398.0,163477.0,0.0
6225,221398.0,167151.0,0.0
6226,221398.0,177013.0,0.0
6227,221398.0,176189.0,0.0
6228,221398.0,177014.0,0.0
6229,221398.0,257771.0,0.0
6230,221398.0,163291.0,0.0
6231,256243.0,225509.0,0.0
6232,256243.0,221834.0,0.0
6233,256243.0,221835.0,0.0
6234,256243.0,221837.0,0.0
6235,256243.0,226956.0,0.0
6236,256243.0,227346.0,0.0
6237,256243.0,221838.0,0.0
6238,256243.0,225510.0,0.0
6239,256243.0,225511.0,0.0
6240,256243.0,255827.0,0.0
6241,256243.0,221397.0,0.0
6242,256243.0,225512.0,0.0
6243,256243.0,225513.0,0.0
6244,256243.0,221398.0,0.0
6245,257144.0,225509.0,0.0
6246,257144.0,221834.0,0.0
6247,257144.0,221835.0,0.0
6248,257144.0,221837.0,0.0
6249,257144.0,226956.0,0.0
6250,257144.0,227346.0,0.0
6251,257144.0,221838.0,0.0
6252,257144.0,225510.0,0.0
6253,257144.0,225511.0,0.0
6254,257144.0,255827.0,0.0
6255,257144.0,221397.0,0.0
6256,257144.0,225512.0,0.0
6257,257144.0,225513.0,0.0
6258,257144.0,221398.0,0.0
6259,162545.0,225509.0,0.0
6260,162545.0,221834.0,0.0
6261,162545.0,221835.0,0.0
6262,162545.0,221837.0,0.0
6263,162545.0,226956.0,0.0
6264,162545.0,227346.0,0.0
6265,162545.0,221838.0,0.0
6266,162545.0,225510.0,0.0
6267,162545.0,225511.0,0.0
6268,162545.0,255827.0,0.0
6269,162545.0,221397.0,0.0
6270,162545.0,225512.0,0.0
6271,162545.0,225513.0,0.0
6272,162545.0,221398.0,0.0
6273,254494.0,225509.0,0.0
6274,254494.0,221834.0,0.0
6275,254494.0,221835.0,0.0
6276,254494.0,221837.0,0.0
6277,254494.0,226956.0,0.0
6278,254494.0,227346.0,0.0
6279,254494.0,221838.0,0.0
6280,254494.0,225510.0,0.0
6281,254494.0,225511.0,0.0
6282,254494.0,255827.0,0.0
6283,254494.0,221397.0,0.0
6284,254494.0,225512.0,0.0
6285,254494.0,225513.0,0.0
6286,254494.0,221398.0,0.0
6287,228435.0,225509.0,0.0
6288,228435.0,221834.0,0.0
6289,228435.0,221835.0,0.0
6290,228435.0,221837.0,0.0
6291,228435.0,226956.0,0.0
6292,228435.0,227346.0,0.0
6293,228435.0,221838.0,0.0
6294,228435.0,225510.0,0.0
6295,228435.0,225511.0,0.0
6296,228435.0,255827.0,0.0
6297,228435.0,221397.0,0.0
6298,228435.0,225512.0,0.0
6299,228435.0,225513.0,0.0
6300,228435.0,221398.0,0.0
6301,172883.0,225509.0,0.0
6302,172883.0,221834.0,0.0
6303,172883.0,221835.0,0.0
6304,172883.0,221837.0,0.0
6305,172883.0,226956.0,0.0
6306,172883.0,227346.0,0.0
6307,172883.0,221838.0,0.0
6308,172883.0,225510.0,0.0
6309,172883.0,225511.0,0.0
6310,172883.0,255827.0,0.0
6311,172883.0,221397.0,0.0
6312,172883.0,225512.0,0.0
6313,172883.0,225513.0,0.0
6314,172883.0,221398.0,0.0
6315,226943.0,225509.0,0.0
6316,226943.0,221834.0,0.0
6317,226943.0,221835.0,0.0
6318,226943.0,221837.0,0.0
6319,226943.0,226956.0,0.0
6320,226943.0,227346.0,0.0
6321,226943.0,221838.0,0.0
6322,226943.0,225510.0,0.0
6323,226943.0,225511.0,0.0
6324,226943.0,255827.0,0.0
6325,226943.0,221397.0,0.0
6326,226943.0,225512.0,0.0
6327,226943.0,225513.0,0.0
6328,226943.0,221398.0,0.0
6329,162546.0,225509.0,0.0
6330,162546.0,221834.0,0.0
6331,162546.0,221835.0,0.0
6332,162546.0,221837.0,0.0
6333,162546.0,226956.0,0.0
6334,162546.0,227346.0,0.0
6335,162546.0,221838.0,0.0
6336,162546.0,225510.0,0.0
6337,162546.0,225511.0,0.0
6338,162546.0,255827.0,0.0
6339,162546.0,221397.0,0.0
6340,162546.0,225512.0,0.0
6341,162546.0,225513.0,0.0
6342,162546.0,221398.0,0.0
6343,258850.0,225509.0,0.0
6344,258850.0,221834.0,0.0
6345,258850.0,221835.0,0.0
6346,258850.0,221837.0,0.0
6347,258850.0,226956.0,0.0
6348,258850.0,227346.0,0.0
6349,258850.0,221838.0,0.0
6350,258850.0,225510.0,0.0
6351,258850.0,225511.0,0.0
6352,258850.0,255827.0,0.0
6353,258850.0,221397.0,0.0
6354,258850.0,225512.0,0.0
6355,258850.0,225513.0,0.0
6356,258850.0,221398.0,0.0
6357,258851.0,225509.0,0.0
6358,258851.0,221834.0,0.0
6359,258851.0,221835.0,0.0
6360,258851.0,221837.0,0.0
6361,258851.0,226956.0,0.0
6362,258851.0,227346.0,0.0
6363,258851.0,221838.0,0.0
6364,258851.0,225510.0,0.0
6365,258851.0,225511.0,0.0
6366,258851.0,255827.0,0.0
6367,258851.0,221397.0,0.0
6368,258851.0,225512.0,0.0
6369,258851.0,225513.0,0.0
6370,258851.0,221398.0,0.0
6371,178641.0,225509.0,0.0
6372,178641.0,221834.0,0.0
6373,178641.0,221835.0,0.0
6374,178641.0,221837.0,0.0
6375,178641.0,226956.0,0.0
6376,178641.0,227346.0,0.0
6377,178641.0,221838.0,0.0
6378,178641.0,225510.0,0.0
6379,178641.0,225511.0,0.0
6380,178641.0,255827.0,0.0
6381,178641.0,221397.0,0.0
6382,178641.0,225512.0,0.0
6383,178641.0,225513.0,0.0
6384,178641.0,221398.0,0.0
6385,178642.0,225509.0,0.0
6386,178642.0,221834.0,0.0
6387,178642.0,221835.0,0.0
6388,178642.0,221837.0,0.0
6389,178642.0,226956.0,0.0
6390,178642.0,227346.0,0.0
6391,178642.0,221838.0,0.0
6392,178642.0,225510.0,0.0
6393,178642.0,225511.0,0.0
6394,178642.0,255827.0,0.0
6395,178642.0,221397.0,0.0
6396,178642.0,225512.0,0.0
6397,178642.0,225513.0,0.0
6398,178642.0,221398.0,0.0
6399,162738.0,225509.0,0.0
6400,162738.0,221834.0,0.0
6401,162738.0,221835.0,0.0
6402,162738.0,221837.0,0.0
6403,162738.0,226956.0,0.0
6404,162738.0,227346.0,0.0
6405,162738.0,221838.0,0.0
6406,162738.0,225510.0,0.0
6407,162738.0,225511.0,0.0
6408,162738.0,255827.0,0.0
6409,162738.0,221397.0,0.0
6410,162738.0,225512.0,0.0
6411,162738.0,225513.0,0.0
6412,162738.0,221398.0,0.0
6413,172884.0,225509.0,0.0
6414,172884.0,221834.0,0.0
6415,172884.0,221835.0,0.0
6416,172884.0,221837.0,0.0
6417,172884.0,226956.0,0.0
6418,172884.0,227346.0,0.0
6419,172884.0,221838.0,0.0
6420,172884.0,225510.0,0.0
6421,172884.0,225511.0,0.0
6422,172884.0,255827.0,0.0
6423,172884.0,221397.0,0.0
6424,172884.0,225512.0,0.0
6425,172884.0,225513.0,0.0
6426,172884.0,221398.0,0.0
6427,162739.0,225509.0,0.0
6428,162739.0,221834.0,0.0
6429,162739.0,221835.0,0.0
6430,162739.0,221837.0,0.0
6431,162739.0,226956.0,0.0
6432,162739.0,227346.0,0.0
6433,162739.0,221838.0,0.0
6434,162739.0,225510.0,0.0
6435,162739.0,225511.0,0.0
6436,162739.0,255827.0,0.0
6437,162739.0,221397.0,0.0
6438,162739.0,225512.0,0.0
6439,162739.0,225513.0,0.0
6440,162739.0,221398.0,0.0
6441,178643.0,225509.0,0.0
6442,178643.0,221834.0,0.0
6443,178643.0,221835.0,0.0
6444,178643.0,221837.0,0.0
6445,178643.0,226956.0,0.0
6446,178643.0,227346.0,0.0
6447,178643.0,221838.0,0.0
6448,178643.0,225510.0,0.0
6449,178643.0,225511.0,0.0
6450,178643.0,255827.0,0.0
6451,178643.0,221397.0,0.0
6452,178643.0,225512.0,0.0
6453,178643.0,225513.0,0.0
6454,178643.0,221398.0,0.0
6455,225458.0,225509.0,0.0
6456,225458.0,221834.0,0.0
6457,225458.0,221835.0,0.0
6458,225458.0,221837.0,0.0
6459,225458.0,226956.0,0.0
6460,225458.0,227346.0,0.0
6461,225458.0,221838.0,0.0
6462,225458.0,225510.0,0.0
6463,225458.0,225511.0,0.0
6464,225458.0,255827.0,0.0
6465,225458.0,221397.0,0.0
6466,225458.0,225512.0,0.0
6467,225458.0,225513.0,0.0
6468,225458.0,221398.0,0.0
6469,225459.0,225509.0,0.0
6470,225459.0,221834.0,0.0
6471,225459.0,221835.0,0.0
6472,225459.0,221837.0,0.0
6473,225459.0,226956.0,0.0
6474,225459.0,227346.0,0.0
6475,225459.0,221838.0,0.0
6476,225459.0,225510.0,0.0
6477,225459.0,225511.0,0.0
6478,225459.0,255827.0,0.0
6479,225459.0,221397.0,0.0
6480,225459.0,225512.0,0.0
6481,225459.0,225513.0,0.0
6482,225459.0,221398.0,0.0
6483,225460.0,225509.0,0.0
6484,225460.0,221834.0,0.0
6485,225460.0,221835.0,0.0
6486,225460.0,221837.0,0.0
6487,225460.0,226956.0,0.0
6488,225460.0,227346.0,0.0
6489,225460.0,221838.0,0.0
6490,225460.0,225510.0,0.0
6491,225460.0,225511.0,0.0
6492,225460.0,255827.0,0.0
6493,225460.0,221397.0,0.0
6494,225460.0,225512.0,0.0
6495,225460.0,225513.0,0.0
6496,225460.0,221398.0,0.0
6497,258852.0,225509.0,0.0
6498,258852.0,221834.0,0.0
6499,258852.0,221835.0,0.0
6500,258852.0,221837.0,0.0
6501,258852.0,226956.0,0.0
6502,258852.0,227346.0,0.0
6503,258852.0,221838.0,0.0
6504,258852.0,225510.0,0.0
6505,258852.0,225511.0,0.0
6506,258852.0,255827.0,0.0
6507,258852.0,221397.0,0.0
6508,258852.0,225512.0,0.0
6509,258852.0,225513.0,0.0
6510,258852.0,221398.0,0.0
6511,163284.0,225509.0,0.0
6512,163284.0,221834.0,0.0
6513,163284.0,221835.0,0.0
6514,163284.0,221837.0,0.0
6515,163284.0,226956.0,0.0
6516,163284.0,227346.0,0.0
6517,163284.0,221838.0,0.0
6518,163284.0,225510.0,0.0
6519,163284.0,225511.0,0.0
6520,163284.0,255827.0,0.0
6521,163284.0,221397.0,0.0
6522,163284.0,225512.0,0.0
6523,163284.0,225513.0,0.0
6524,163284.0,221398.0,0.0
6525,257772.0,225509.0,0.0
6526,257772.0,221834.0,0.0
6527,257772.0,221835.0,0.0
6528,257772.0,221837.0,0.0
6529,257772.0,226956.0,0.0
6530,257772.0,227346.0,0.0
6531,257772.0,221838.0,0.0
6532,257772.0,225510.0,0.0
6533,257772.0,225511.0,0.0
6534,257772.0,255827.0,0.0
6535,257772.0,221397.0,0.0
6536,257772.0,225512.0,0.0
6537,257772.0,225513.0,0.0
6538,257772.0,221398.0,0.0
6539,167145.0,225509.0,0.0
6540,167145.0,221834.0,0.0
6541,167145.0,221835.0,0.0
6542,167145.0,221837.0,0.0
6543,167145.0,226956.0,0.0
6544,167145.0,227346.0,0.0
6545,167145.0,221838.0,0.0
6546,167145.0,225510.0,0.0
6547,167145.0,225511.0,0.0
6548,167145.0,255827.0,0.0
6549,167145.0,221397.0,0.0
6550,167145.0,225512.0,0.0
6551,167145.0,225513.0,0.0
6552,167145.0,221398.0,0.0
6553,163286.0,225509.0,0.0
6554,163286.0,221834.0,0.0
6555,163286.0,221835.0,0.0
6556,163286.0,221837.0,0.0
6557,163286.0,226956.0,0.0
6558,163286.0,227346.0,0.0
6559,163286.0,221838.0,0.0
6560,163286.0,225510.0,0.0
6561,163286.0,225511.0,0.0
6562,163286.0,255827.0,0.0
6563,163286.0,221397.0,0.0
6564,163286.0,225512.0,0.0
6565,163286.0,225513.0,0.0
6566,163286.0,221398.0,0.0
6567,178645.0,225509.0,0.0
6568,178645.0,221834.0,0.0
6569,178645.0,221835.0,0.0
6570,178645.0,221837.0,0.0
6571,178645.0,226956.0,0.0
6572,178645.0,227346.0,0.0
6573,178645.0,221838.0,0.0
6574,178645.0,225510.0,0.0
6575,178645.0,225511.0,0.0
6576,178645.0,255827.0,0.0
6577,178645.0,221397.0,0.0
6578,178645.0,225512.0,0.0
6579,178645.0,225513.0,0.0
6580,178645.0,221398.0,0.0
6581,176858.0,225509.0,0.0
6582,176858.0,221834.0,0.0
6583,176858.0,221835.0,0.0
6584,176858.0,221837.0,0.0
6585,176858.0,226956.0,0.0
6586,176858.0,227346.0,0.0
6587,176858.0,221838.0,0.0
6588,176858.0,225510.0,0.0
6589,176858.0,225511.0,0.0
6590,176858.0,255827.0,0.0
6591,176858.0,221397.0,0.0
6592,176858.0,225512.0,0.0
6593,176858.0,225513.0,0.0
6594,176858.0,221398.0,0.0
6595,172920.0,225509.0,0.0
6596,172920.0,221834.0,0.0
6597,172920.0,221835.0,0.0
6598,172920.0,221837.0,0.0
6599,172920.0,226956.0,0.0
6600,172920.0,227346.0,0.0
6601,172920.0,221838.0,0.0
6602,172920.0,225510.0,0.0
6603,172920.0,225511.0,0.0
6604,172920.0,255827.0,0.0
6605,172920.0,221397.0,0.0
6606,172920.0,225512.0,0.0
6607,172920.0,225513.0,0.0
6608,172920.0,221398.0,0.0
6609,172885.0,225509.0,0.0
6610,172885.0,221834.0,0.0
6611,172885.0,221835.0,0.0
6612,172885.0,221837.0,0.0
6613,172885.0,226956.0,0.0
6614,172885.0,227346.0,0.0
6615,172885.0,221838.0,0.0
6616,172885.0,225510.0,0.0
6617,172885.0,225511.0,0.0
6618,172885.0,255827.0,0.0
6619,172885.0,221397.0,0.0
6620,172885.0,225512.0,0.0
6621,172885.0,225513.0,0.0
6622,172885.0,221398.0,0.0
6623,162551.0,225509.0,0.0
6624,162551.0,221834.0,0.0
6625,162551.0,221835.0,0.0
6626,162551.0,221837.0,0.0
6627,162551.0,226956.0,0.0
6628,162551.0,227346.0,0.0
6629,162551.0,221838.0,0.0
6630,162551.0,225510.0,0.0
6631,162551.0,225511.0,0.0
6632,162551.0,255827.0,0.0
6633,162551.0,221397.0,0.0
6634,162551.0,225512.0,0.0
6635,162551.0,225513.0,0.0
6636,162551.0,221398.0,0.0
6637,256210.0,225509.0,0.0
6638,256210.0,221834.0,0.0
6639,256210.0,221835.0,0.0
6640,256210.0,221837.0,0.0
6641,256210.0,226956.0,0.0
6642,256210.0,227346.0,0.0
6643,256210.0,221838.0,0.0
6644,256210.0,225510.0,0.0
6645,256210.0,225511.0,0.0
6646,256210.0,255827.0,0.0
6647,256210.0,221397.0,0.0
6648,256210.0,225512.0,0.0
6649,256210.0,225513.0,0.0
6650,256210.0,221398.0,0.0
6651,255516.0,225509.0,0.0
6652,255516.0,221834.0,0.0
6653,255516.0,221835.0,0.0
6654,255516.0,221837.0,0.0
6655,255516.0,226956.0,0.0
6656,255516.0,227346.0,0.0
6657,255516.0,221838.0,0.0
6658,255516.0,225510.0,0.0
6659,255516.0,225511.0,0.0
6660,255516.0,255827.0,0.0
6661,255516.0,221397.0,0.0
6662,255516.0,225512.0,0.0
6663,255516.0,225513.0,0.0
6664,255516.0,221398.0,0.0
6665,162744.0,225509.0,0.0
6666,162744.0,221834.0,0.0
6667,162744.0,221835.0,0.0
6668,162744.0,221837.0,0.0
6669,162744.0,226956.0,0.0
6670,162744.0,227346.0,0.0
6671,162744.0,221838.0,0.0
6672,162744.0,225510.0,0.0
6673,162744.0,225511.0,0.0
6674,162744.0,255827.0,0.0
6675,162744.0,221397.0,0.0
6676,162744.0,225512.0,0.0
6677,162744.0,225513.0,0.0
6678,162744.0,221398.0,0.0
6679,258861.0,225509.0,0.0
6680,258861.0,221834.0,0.0
6681,258861.0,221835.0,0.0
6682,258861.0,221837.0,0.0
6683,258861.0,226956.0,0.0
6684,258861.0,227346.0,0.0
6685,258861.0,221838.0,0.0
6686,258861.0,225510.0,0.0
6687,258861.0,225511.0,0.0
6688,258861.0,255827.0,0.0
6689,258861.0,221397.0,0.0
6690,258861.0,225512.0,0.0
6691,258861.0,225513.0,0.0
6692,258861.0,221398.0,0.0
6693,264985.0,225509.0,0.0
6694,264985.0,221834.0,0.0
6695,264985.0,221835.0,0.0
6696,264985.0,221837.0,0.0
6697,264985.0,226956.0,0.0
6698,264985.0,227346.0,0.0
6699,264985.0,221838.0,0.0
6700,264985.0,225510.0,0.0
6701,264985.0,225511.0,0.0
6702,264985.0,255827.0,0.0
6703,264985.0,221397.0,0.0
6704,264985.0,225512.0,0.0
6705,264985.0,225513.0,0.0
6706,264985.0,221398.0,0.0
6707,162745.0,225509.0,0.0
6708,162745.0,221834.0,0.0
6709,162745.0,221835.0,0.0
6710,162745.0,221837.0,0.0
6711,162745.0,226956.0,0.0
6712,162745.0,227346.0,0.0
6713,162745.0,221838.0,0.0
6714,162745.0,225510.0,0.0
6715,162745.0,225511.0,0.0
6716,162745.0,255827.0,0.0
6717,162745.0,221397.0,0.0
6718,162745.0,225512.0,0.0
6719,162745.0,225513.0,0.0
6720,162745.0,221398.0,0.0
6721,162746.0,225509.0,0.0
6722,162746.0,221834.0,0.0
6723,162746.0,221835.0,0.0
6724,162746.0,221837.0,0.0
6725,162746.0,226956.0,0.0
6726,162746.0,227346.0,0.0
6727,162746.0,221838.0,0.0
6728,162746.0,225510.0,0.0
6729,162746.0,225511.0,0.0
6730,162746.0,255827.0,0.0
6731,162746.0,221397.0,0.0
6732,162746.0,225512.0,0.0
6733,162746.0,225513.0,0.0
6734,162746.0,221398.0,0.0
6735,258862.0,225509.0,0.0
6736,258862.0,221834.0,0.0
6737,258862.0,221835.0,0.0
6738,258862.0,221837.0,0.0
6739,258862.0,226956.0,0.0
6740,258862.0,227346.0,0.0
6741,258862.0,221838.0,0.0
6742,258862.0,225510.0,0.0
6743,258862.0,225511.0,0.0
6744,258862.0,255827.0,0.0
6745,258862.0,221397.0,0.0
6746,258862.0,225512.0,0.0
6747,258862.0,225513.0,0.0
6748,258862.0,221398.0,0.0
6749,162552.0,225509.0,0.0
6750,162552.0,221834.0,0.0
6751,162552.0,221835.0,0.0
6752,162552.0,221837.0,0.0
6753,162552.0,226956.0,0.0
6754,162552.0,227346.0,0.0
6755,162552.0,221838.0,0.0
6756,162552.0,225510.0,0.0
6757,162552.0,225511.0,0.0
6758,162552.0,255827.0,0.0
6759,162552.0,221397.0,0.0
6760,162552.0,225512.0,0.0
6761,162552.0,225513.0,0.0
6762,162552.0,221398.0,0.0
6763,258863.0,225509.0,0.0
6764,258863.0,221834.0,0.0
6765,258863.0,221835.0,0.0
6766,258863.0,221837.0,0.0
6767,258863.0,226956.0,0.0
6768,258863.0,227346.0,0.0
6769,258863.0,221838.0,0.0
6770,258863.0,225510.0,0.0
6771,258863.0,225511.0,0.0
6772,258863.0,255827.0,0.0
6773,258863.0,221397.0,0.0
6774,258863.0,225512.0,0.0
6775,258863.0,225513.0,0.0
6776,258863.0,221398.0,0.0
6777,163471.0,225509.0,0.0
6778,163471.0,221834.0,0.0
6779,163471.0,221835.0,0.0
6780,163471.0,221837.0,0.0
6781,163471.0,226956.0,0.0
6782,163471.0,227346.0,0.0
6783,163471.0,221838.0,0.0
6784,163471.0,225510.0,0.0
6785,163471.0,225511.0,0.0
6786,163471.0,255827.0,0.0
6787,163471.0,221397.0,0.0
6788,163471.0,225512.0,0.0
6789,163471.0,225513.0,0.0
6790,163471.0,221398.0,0.0
6791,173214.0,225509.0,0.0
6792,173214.0,221834.0,0.0
6793,173214.0,221835.0,0.0
6794,173214.0,221837.0,0.0
6795,173214.0,226956.0,0.0
6796,173214.0,227346.0,0.0
6797,173214.0,221838.0,0.0
6798,173214.0,225510.0,0.0
6799,173214.0,225511.0,0.0
6800,173214.0,255827.0,0.0
6801,173214.0,221397.0,0.0
6802,173214.0,225512.0,0.0
6803,173214.0,225513.0,0.0
6804,173214.0,221398.0,0.0
6805,255915.0,225509.0,0.0
6806,255915.0,221834.0,0.0
6807,255915.0,221835.0,0.0
6808,255915.0,221837.0,0.0
6809,255915.0,226956.0,0.0
6810,255915.0,227346.0,0.0
6811,255915.0,221838.0,0.0
6812,255915.0,225510.0,0.0
6813,255915.0,225511.0,0.0
6814,255915.0,255827.0,0.0
6815,255915.0,221397.0,0.0
6816,255915.0,225512.0,0.0
6817,255915.0,225513.0,0.0
6818,255915.0,221398.0,0.0
6819,254310.0,225509.0,0.0
6820,254310.0,221834.0,0.0
6821,254310.0,221835.0,0.0
6822,254310.0,221837.0,0.0
6823,254310.0,226956.0,0.0
6824,254310.0,227346.0,0.0
6825,254310.0,221838.0,0.0
6826,254310.0,225510.0,0.0
6827,254310.0,225511.0,0.0
6828,254310.0,255827.0,0.0
6829,254310.0,221397.0,0.0
6830,254310.0,225512.0,0.0
6831,254310.0,225513.0,0.0
6832,254310.0,221398.0,0.0
6833,178581.0,225509.0,0.0
6834,178581.0,221834.0,0.0
6835,178581.0,221835.0,0.0
6836,178581.0,221837.0,0.0
6837,178581.0,226956.0,0.0
6838,178581.0,227346.0,0.0
6839,178581.0,221838.0,0.0
6840,178581.0,225510.0,0.0
6841,178581.0,225511.0,0.0
6842,178581.0,255827.0,0.0
6843,178581.0,221397.0,0.0
6844,178581.0,225512.0,0.0
6845,178581.0,225513.0,0.0
6846,178581.0,221398.0,0.0
6847,163472.0,225509.0,0.0
6848,163472.0,221834.0,0.0
6849,163472.0,221835.0,0.0
6850,163472.0,221837.0,0.0
6851,163472.0,226956.0,0.0
6852,163472.0,227346.0,0.0
6853,163472.0,221838.0,0.0
6854,163472.0,225510.0,0.0
6855,163472.0,225511.0,0.0
6856,163472.0,255827.0,0.0
6857,163472.0,221397.0,0.0
6858,163472.0,225512.0,0.0
6859,163472.0,225513.0,0.0
6860,163472.0,221398.0,0.0
6861,254999.0,225509.0,0.0
6862,254999.0,221834.0,0.0
6863,254999.0,221835.0,0.0
6864,254999.0,221837.0,0.0
6865,254999.0,226956.0,0.0
6866,254999.0,227346.0,0.0
6867,254999.0,221838.0,0.0
6868,254999.0,225510.0,0.0
6869,254999.0,225511.0,0.0
6870,254999.0,255827.0,0.0
6871,254999.0,221397.0,0.0
6872,254999.0,225512.0,0.0
6873,254999.0,225513.0,0.0
6874,254999.0,221398.0,0.0
6875,258864.0,225509.0,0.0
6876,258864.0,221834.0,0.0
6877,258864.0,221835.0,0.0
6878,258864.0,221837.0,0.0
6879,258864.0,226956.0,0.0
6880,258864.0,227346.0,0.0
6881,258864.0,221838.0,0.0
6882,258864.0,225510.0,0.0
6883,258864.0,225511.0,0.0
6884,258864.0,255827.0,0.0
6885,258864.0,221397.0,0.0
6886,258864.0,225512.0,0.0
6887,258864.0,225513.0,0.0
6888,258864.0,221398.0,0.0
6889,257387.0,225509.0,0.0
6890,257387.0,221834.0,0.0
6891,257387.0,221835.0,0.0
6892,257387.0,221837.0,0.0
6893,257387.0,226956.0,0.0
6894,257387.0,227346.0,0.0
6895,257387.0,221838.0,0.0
6896,257387.0,225510.0,0.0
6897,257387.0,225511.0,0.0
6898,257387.0,255827.0,0.0
6899,257387.0,221397.0,0.0
6900,257387.0,225512.0,0.0
6901,257387.0,225513.0,0.0
6902,257387.0,221398.0,0.0
6903,225465.0,225509.0,0.0
6904,225465.0,221834.0,0.0
6905,225465.0,221835.0,0.0
6906,225465.0,221837.0,0.0
6907,225465.0,226956.0,0.0
6908,225465.0,227346.0,0.0
6909,225465.0,221838.0,0.0
6910,225465.0,225510.0,0.0
6911,225465.0,225511.0,0.0
6912,225465.0,255827.0,0.0
6913,225465.0,221397.0,0.0
6914,225465.0,225512.0,0.0
6915,225465.0,225513.0,0.0
6916,225465.0,221398.0,0.0
6917,228316.0,225509.0,0.0
6918,228316.0,221834.0,0.0
6919,228316.0,221835.0,0.0
6920,228316.0,221837.0,0.0
6921,228316.0,226956.0,0.0
6922,228316.0,227346.0,0.0
6923,228316.0,221838.0,0.0
6924,228316.0,225510.0,0.0
6925,228316.0,225511.0,0.0
6926,228316.0,255827.0,0.0
6927,228316.0,221397.0,0.0
6928,228316.0,225512.0,0.0
6929,228316.0,225513.0,0.0
6930,228316.0,221398.0,0.0
6931,255517.0,225509.0,0.0
6932,255517.0,221834.0,0.0
6933,255517.0,221835.0,0.0
6934,255517.0,221837.0,0.0
6935,255517.0,226956.0,0.0
6936,255517.0,227346.0,0.0
6937,255517.0,221838.0,0.0
6938,255517.0,225510.0,0.0
6939,255517.0,225511.0,0.0
6940,255517.0,255827.0,0.0
6941,255517.0,221397.0,0.0
6942,255517.0,225512.0,0.0
6943,255517.0,225513.0,0.0
6944,255517.0,221398.0,0.0
6945,176188.0,225509.0,0.0
6946,176188.0,221834.0,0.0
6947,176188.0,221835.0,0.0
6948,176188.0,221837.0,0.0
6949,176188.0,226956.0,0.0
6950,176188.0,227346.0,0.0
6951,176188.0,221838.0,0.0
6952,176188.0,225510.0,0.0
6953,176188.0,225511.0,0.0
6954,176188.0,255827.0,0.0
6955,176188.0,221397.0,0.0
6956,176188.0,225512.0,0.0
6957,176188.0,225513.0,0.0
6958,176188.0,221398.0,0.0
6959,162747.0,225509.0,0.0
6960,162747.0,221834.0,0.0
6961,162747.0,221835.0,0.0
6962,162747.0,221837.0,0.0
6963,162747.0,226956.0,0.0
6964,162747.0,227346.0,0.0
6965,162747.0,221838.0,0.0
6966,162747.0,225510.0,0.0
6967,162747.0,225511.0,0.0
6968,162747.0,255827.0,0.0
6969,162747.0,221397.0,0.0
6970,162747.0,225512.0,0.0
6971,162747.0,225513.0,0.0
6972,162747.0,221398.0,0.0
6973,162748.0,225509.0,0.0
6974,162748.0,221834.0,0.0
6975,162748.0,221835.0,0.0
6976,162748.0,221837.0,0.0
6977,162748.0,226956.0,0.0
6978,162748.0,227346.0,0.0
6979,162748.0,221838.0,0.0
6980,162748.0,225510.0,0.0
6981,162748.0,225511.0,0.0
6982,162748.0,255827.0,0.0
6983,162748.0,221397.0,0.0
6984,162748.0,225512.0,0.0
6985,162748.0,225513.0,0.0
6986,162748.0,221398.0,0.0
6987,163473.0,225509.0,0.0
6988,163473.0,221834.0,0.0
6989,163473.0,221835.0,0.0
6990,163473.0,221837.0,0.0
6991,163473.0,226956.0,0.0
6992,163473.0,227346.0,0.0
6993,163473.0,221838.0,0.0
6994,163473.0,225510.0,0.0
6995,163473.0,225511.0,0.0
6996,163473.0,255827.0,0.0
6997,163473.0,221397.0,0.0
6998,163473.0,225512.0,0.0
6999,163473.0,225513.0,0.0
7000,163473.0,221398.0,0.0
7001,162749.0,225509.0,0.0
7002,162749.0,221834.0,0.0
7003,162749.0,221835.0,0.0
7004,162749.0,221837.0,0.0
7005,162749.0,226956.0,0.0
7006,162749.0,227346.0,0.0
7007,162749.0,221838.0,0.0
7008,162749.0,225510.0,0.0
7009,162749.0,225511.0,0.0
7010,162749.0,255827.0,0.0
7011,162749.0,221397.0,0.0
7012,162749.0,225512.0,0.0
7013,162749.0,225513.0,0.0
7014,162749.0,221398.0,0.0
7015,163290.0,225509.0,0.0
7016,163290.0,221834.0,0.0
7017,163290.0,221835.0,0.0
7018,163290.0,221837.0,0.0
7019,163290.0,226956.0,0.0
7020,163290.0,227346.0,0.0
7021,163290.0,221838.0,0.0
7022,163290.0,225510.0,0.0
7023,163290.0,225511.0,0.0
7024,163290.0,255827.0,0.0
7025,163290.0,221397.0,0.0
7026,163290.0,225512.0,0.0
7027,163290.0,225513.0,0.0
7028,163290.0,221398.0,0.0
7029,163474.0,225509.0,0.0
7030,163474.0,221834.0,0.0
7031,163474.0,221835.0,0.0
7032,163474.0,221837.0,0.0
7033,163474.0,226956.0,0.0
7034,163474.0,227346.0,0.0
7035,163474.0,221838.0,0.0
7036,163474.0,225510.0,0.0
7037,163474.0,225511.0,0.0
7038,163474.0,255827.0,0.0
7039,163474.0,221397.0,0.0
7040,163474.0,225512.0,0.0
7041,163474.0,225513.0,0.0
7042,163474.0,221398.0,0.0
7043,163475.0,225509.0,0.0
7044,163475.0,221834.0,0.0
7045,163475.0,221835.0,0.0
7046,163475.0,221837.0,0.0
7047,163475.0,226956.0,0.0
7048,163475.0,227346.0,0.0
7049,163475.0,221838.0,0.0
7050,163475.0,225510.0,0.0
7051,163475.0,225511.0,0.0
7052,163475.0,255827.0,0.0
7053,163475.0,221397.0,0.0
7054,163475.0,225512.0,0.0
7055,163475.0,225513.0,0.0
7056,163475.0,221398.0,0.0
7057,163476.0,225509.0,0.0
7058,163476.0,221834.0,0.0
7059,163476.0,221835.0,0.0
7060,163476.0,221837.0,0.0
7061,163476.0,226956.0,0.0
7062,163476.0,227346.0,0.0
7063,163476.0,221838.0,0.0
7064,163476.0,225510.0,0.0
7065,163476.0,225511.0,0.0
7066,163476.0,255827.0,0.0
7067,163476.0,221397.0,0.0
7068,163476.0,225512.0,0.0
7069,163476.0,225513.0,0.0
7070,163476.0,221398.0,0.0
7071,179506.0,225509.0,0.0
7072,179506.0,221834.0,0.0
7073,179506.0,221835.0,0.0
7074,179506.0,221837.0,0.0
7075,179506.0,226956.0,0.0
7076,179506.0,227346.0,0.0
7077,179506.0,221838.0,0.0
7078,179506.0,225510.0,0.0
7079,179506.0,225511.0,0.0
7080,179506.0,255827.0,0.0
7081,179506.0,221397.0,0.0
7082,179506.0,225512.0,0.0
7083,179506.0,225513.0,0.0
7084,179506.0,221398.0,0.0
7085,179507.0,225509.0,0.0
7086,179507.0,221834.0,0.0
7087,179507.0,221835.0,0.0
7088,179507.0,221837.0,0.0
7089,179507.0,226956.0,0.0
7090,179507.0,227346.0,0.0
7091,179507.0,221838.0,0.0
7092,179507.0,225510.0,0.0
7093,179507.0,225511.0,0.0
7094,179507.0,255827.0,0.0
7095,179507.0,221397.0,0.0
7096,179507.0,225512.0,0.0
7097,179507.0,225513.0,0.0
7098,179507.0,221398.0,0.0
7099,258865.0,225509.0,0.0
7100,258865.0,221834.0,0.0
7101,258865.0,221835.0,0.0
7102,258865.0,221837.0,0.0
7103,258865.0,226956.0,0.0
7104,258865.0,227346.0,0.0
7105,258865.0,221838.0,0.0
7106,258865.0,225510.0,0.0
7107,258865.0,225511.0,0.0
7108,258865.0,255827.0,0.0
7109,258865.0,221397.0,0.0
7110,258865.0,225512.0,0.0
7111,258865.0,225513.0,0.0
7112,258865.0,221398.0,0.0
7113,162553.0,225509.0,0.0
7114,162553.0,221834.0,0.0
7115,162553.0,221835.0,0.0
7116,162553.0,221837.0,0.0
7117,162553.0,226956.0,0.0
7118,162553.0,227346.0,0.0
7119,162553.0,221838.0,0.0
7120,162553.0,225510.0,0.0
7121,162553.0,225511.0,0.0
7122,162553.0,255827.0,0.0
7123,162553.0,221397.0,0.0
7124,162553.0,225512.0,0.0
7125,162553.0,225513.0,0.0
7126,162553.0,221398.0,0.0
7127,163477.0,225509.0,0.0
7128,163477.0,221834.0,0.0
7129,163477.0,221835.0,0.0
7130,163477.0,221837.0,0.0
7131,163477.0,226956.0,0.0
7132,163477.0,227346.0,0.0
7133,163477.0,221838.0,0.0
7134,163477.0,225510.0,0.0
7135,163477.0,225511.0,0.0
7136,163477.0,255827.0,0.0
7137,163477.0,221397.0,0.0
7138,163477.0,225512.0,0.0
7139,163477.0,225513.0,0.0
7140,163477.0,221398.0,0.0
7141,167151.0,225509.0,0.0
7142,167151.0,221834.0,0.0
7143,167151.0,221835.0,0.0
7144,167151.0,221837.0,0.0
7145,167151.0,226956.0,0.0
7146,167151.0,227346.0,0.0
7147,167151.0,221838.0,0.0
7148,167151.0,225510.0,0.0
7149,167151.0,225511.0,0.0
7150,167151.0,255827.0,0.0
7151,167151.0,221397.0,0.0
7152,167151.0,225512.0,0.0
7153,167151.0,225513.0,0.0
7154,167151.0,221398.0,0.0
7155,177013.0,225509.0,0.0
7156,177013.0,221834.0,0.0
7157,177013.0,221835.0,0.0
7158,177013.0,221837.0,0.0
7159,177013.0,226956.0,0.0
7160,177013.0,227346.0,0.0
7161,177013.0,221838.0,0.0
7162,177013.0,225510.0,0.0
7163,177013.0,225511.0,0.0
7164,177013.0,255827.0,0.0
7165,177013.0,221397.0,0.0
7166,177013.0,225512.0,0.0
7167,177013.0,225513.0,0.0
7168,177013.0,221398.0,0.0
7169,176189.0,225509.0,0.0
7170,176189.0,221834.0,0.0
7171,176189.0,221835.0,0.0
7172,176189.0,221837.0,0.0
7173,176189.0,226956.0,0.0
7174,176189.0,227346.0,0.0
7175,176189.0,221838.0,0.0
7176,176189.0,225510.0,0.0
7177,176189.0,225511.0,0.0
7178,176189.0,255827.0,0.0
7179,176189.0,221397.0,0.0
7180,176189.0,225512.0,0.0
7181,176189.0,225513.0,0.0
7182,176189.0,221398.0,0.0
7183,177014.0,225509.0,0.0
7184,177014.0,221834.0,0.0
7185,177014.0,221835.0,0.0
7186,177014.0,221837.0,0.0
7187,177014.0,226956.0,0.0
7188,177014.0,227346.0,0.0
7189,177014.0,221838.0,0.0
7190,177014.0,225510.0,0.0
7191,177014.0,225511.0,0.0
7192,177014.0,255827.0,0.0
7193,177014.0,221397.0,0.0
7194,177014.0,225512.0,0.0
7195,177014.0,225513.0,0.0
7196,177014.0,221398.0,0.0
7197,257771.0,225509.0,0.0
7198,257771.0,221834.0,0.0
7199,257771.0,221835.0,0.0
7200,257771.0,221837.0,0.0
7201,257771.0,226956.0,0.0
7202,257771.0,227346.0,0.0
7203,257771.0,221838.0,0.0
7204,257771.0,225510.0,0.0
7205,257771.0,225511.0,0.0
7206,257771.0,255827.0,0.0
7207,257771.0,221397.0,0.0
7208,257771.0,225512.0,0.0
7209,257771.0,225513.0,0.0
7210,257771.0,221398.0,0.0
7211,163291.0,225509.0,0.0
7212,163291.0,221834.0,0.0
7213,163291.0,221835.0,0.0
7214,163291.0,221837.0,0.0
7215,163291.0,226956.0,0.0
7216,163291.0,227346.0,0.0
7217,163291.0,221838.0,0.0
7218,163291.0,225510.0,0.0
7219,163291.0,225511.0,0.0
7220,163291.0,255827.0,0.0
7221,163291.0,221397.0,0.0
7222,163291.0,225512.0,0.0
7223,163291.0,225513.0,0.0
7224,163291.0,221398.0,0.0
